evtid,evla,evlo,evdp,station,stla,stlo,gcarc,s2ks,s3ks,s4ks,tridx,snr,ccf1,ccf2,ccf3,ccf4,ccf5,t32_cc,t32_pp,ccf_cc,ccf_pp,t32_fw1,ccf_fw1,ccf_sg1,t32_fw2,ccf_fw2,ccf_sg2,t32_fw3,ccf_fw3,ccf_sg3,t32_fw4,ccf_fw4,ccf_sg4,t32_fw5,ccf_fw5,ccf_sg5,auto_selected,group,az
20050321_1223,-24.88,-63.54,572.3,PS.PATS.,6.837,158.315,136.136,1616.569,1641.318,1648.957,0.0,3.218,0.342,0.431,0.406,0.409,0.431,4.9,-0.4,0.522,0.488,4.9,0.351,0.351,4.3,0.429,0.351,3.8,0.442,0.351,3.8,0.442,0.351,4.2,0.432,0.351,0,-1.0,-107.28
20050321_1223,-24.88,-63.54,572.3,N.KZSF.,34.206,139.148,158.237,1740.991,1789.288,1805.406,1.0,1.46,0.499,0.417,0.398,0.405,0.41,0.3,1.0,0.866,0.825,0.5,0.773,0.773,0.0,0.843,0.773,-0.2,0.845,0.773,-0.2,0.838,0.773,-0.1,0.836,0.773,0,-1.0,-59.115
20050321_1223,-24.88,-63.54,572.3,N.KSNF.,38.976,141.53,154.615,1721.676,1765.636,1780.119,2.0,4.523,0.458,0.448,0.485,0.476,0.474,1.1,1.1,0.89,0.806,0.9,0.889,0.889,0.9,0.926,0.889,0.5,0.944,0.889,0.5,0.944,0.889,0.5,0.945,0.889,0,-1.0,-49.994
20050321_1223,-24.88,-63.54,572.3,PS.TSK.,36.211,140.11,156.785,1733.301,1779.838,1795.291,3.0,2.642,0.445,0.365,0.372,0.372,0.374,0.7,-2.6,0.325,-0.008,-10.0,0.317,0.317,-0.1,0.332,0.317,-0.1,0.352,0.317,-0.1,0.348,0.317,-0.1,0.346,0.317,0,-1.0,-54.958
20050321_1223,-24.88,-63.54,572.3,N.SBRF.,33.505,130.253,165.212,1777.001,1834.157,1853.676,4.0,4.612,0.432,0.452,0.456,0.464,0.459,0.7,-4.4,0.437,-0.787,-8.9,0.623,0.623,-0.4,0.863,0.623,-0.5,0.85,0.623,-0.4,0.846,0.623,-0.5,0.844,0.623,0,-1.0,-50.546
20050321_1223,-24.88,-63.54,572.3,N.KZKF.,37.298,138.514,157.488,1737.033,1784.418,1800.191,5.0,12.501,0.55,0.566,0.569,0.566,0.569,6.9,3.0,0.548,-0.851,-6.2,0.372,0.372,6.6,0.615,0.372,6.4,0.585,0.372,6.3,0.58,0.372,6.4,0.584,0.372,0,-1.0,-50.991
20050321_1223,-24.88,-63.54,572.3,KN.CHM.,42.999,74.751,141.467,1648.033,1677.791,1687.14,6.0,6.72,0.57,0.558,0.519,0.538,0.545,-1.0,-0.8,0.875,0.9,-1.5,0.734,0.734,-1.2,0.878,0.734,-1.9,0.896,0.734,-1.7,0.891,0.734,-1.5,0.885,0.734,0,-1.0,51.34
20050321_1223,-24.88,-63.54,572.3,KZ.ZRNK.,52.951,69.004,134.859,1608.897,1632.516,1639.771,7.0,5.212,0.683,0.78,0.775,0.784,0.779,-1.1,-1.4,0.875,0.857,-0.6,0.819,0.819,-0.5,0.85,0.819,-1.0,0.873,0.819,-0.8,0.868,0.819,-0.7,0.857,0.819,1,0.0,38.776
20050321_1223,-24.88,-63.54,572.3,XF.H1630.01,34.065,84.227,150.617,1699.883,1739.264,1752.04,8.0,5.956,0.623,0.522,0.504,0.506,0.517,0.5,0.9,0.593,0.559,0.0,0.722,0.722,0.6,0.591,0.722,0.2,0.539,0.722,0.3,0.56,0.722,0.5,0.581,0.722,0,-1.0,64.171
20050321_1223,-24.88,-63.54,572.3,N.NSKF.,34.34,132.002,163.538,1768.497,1823.476,1842.146,9.0,4.703,0.497,0.544,0.574,0.569,0.557,1.8,1.8,0.954,0.932,2.2,0.858,0.858,1.9,0.947,0.858,1.7,0.938,0.858,1.6,0.935,0.858,1.7,0.941,0.858,0,-1.0,-50.817
20050321_1223,-24.88,-63.54,572.3,N.MMAF.,41.162,140.411,154.301,1719.985,1763.578,1777.923,10.0,2.588,0.399,0.449,0.522,0.515,0.516,1.6,1.8,0.843,0.872,1.3,0.661,0.661,1.8,0.715,0.661,1.3,0.657,0.661,1.2,0.656,0.661,1.2,0.668,0.661,0,-1.0,-44.585
20050321_1223,-24.88,-63.54,572.3,N.SBTF.,37.968,139.45,156.523,1731.901,1778.122,1793.456,11.0,2.25,0.287,0.369,0.355,0.369,0.364,-1.3,-1.0,0.814,0.771,-1.1,0.58,0.58,-2.0,0.546,0.58,-2.2,0.586,0.58,-2.1,0.585,0.58,-2.1,0.577,0.58,0,-1.0,-50.355
20050321_1223,-24.88,-63.54,572.3,N.NKGF.,44.802,142.085,151.264,1703.449,1743.555,1756.599,12.0,3.256,0.428,0.475,0.541,0.545,0.537,1.3,1.6,0.969,0.963,1.2,0.806,0.806,1.3,0.75,0.806,0.8,0.742,0.806,0.7,0.751,0.806,0.7,0.755,0.806,0,-1.0,-39.489
20050321_1223,-24.88,-63.54,572.3,7I.TL09.,-25.682,134.765,126.432,1556.923,1573.775,1578.824,13.0,0.741,0.026,0.034,0.036,0.039,0.038,-3.0,0.3,0.382,-0.507,-3.8,0.805,0.805,-3.4,0.833,0.805,-3.4,0.831,0.805,-3.5,0.816,0.805,-3.6,0.818,0.805,0,-1.0,-159.492
20050321_1223,-24.88,-63.54,572.3,TW.MATB.,26.152,119.946,176.607,1832.562,1905.432,1931.354,14.0,0.0,,,,,,-16.0,-8.0,0.0,0.0,-16.0,0.0,0.0,-16.0,0.0,0.0,-16.0,0.0,0.0,-16.0,0.0,0.0,-16.0,0.0,0.0,0,-1.0,-64.262
20050321_1223,-24.88,-63.54,572.3,XG.BAKOU.02,40.465,115.402,164.39,1772.834,1828.917,1848.016,15.0,2.124,0.205,0.287,0.27,0.26,0.265,-0.7,-1.7,0.702,0.553,-1.0,0.594,0.594,-1.2,0.584,0.594,-1.5,0.553,0.594,-1.8,0.522,0.594,-1.6,0.529,0.594,0,-1.0,2.928
20050321_1223,-24.88,-63.54,572.3,TW.YHNB.,24.67,121.376,175.532,1827.491,1898.811,1924.091,16.0,3.453,0.333,0.534,0.514,0.519,0.526,-0.6,-0.8,0.856,0.883,-0.1,0.566,0.566,0.1,0.835,0.566,0.0,0.871,0.566,0.0,0.866,0.566,0.1,0.84,0.566,0,-1.0,-92.097
20050321_1223,-24.88,-63.54,572.3,N.ABUF.,34.863,135.571,160.706,1753.914,1805.276,1822.557,17.0,4.253,0.615,0.581,0.622,0.622,0.613,1.6,1.5,0.852,0.924,0.8,0.908,0.908,1.5,0.547,0.908,0.7,0.688,0.908,0.6,0.699,0.908,0.8,0.668,0.908,0,-1.0,-54.028
20050321_1223,-24.88,-63.54,572.3,IU.MIDW.00,28.215,-177.37,121.459,1525.169,1538.591,1542.58,18.0,1.456,0.325,0.421,0.42,0.425,0.422,-2.3,-2.4,0.411,0.254,1.9,0.52,0.52,-1.5,0.538,0.52,-0.1,0.561,0.52,-0.1,0.561,0.52,-0.1,0.54,0.52,0,-1.0,-71.032
20050321_1223,-24.88,-63.54,572.3,XF.H1430.01,32.382,84.131,150.772,1700.739,1740.294,1753.133,19.0,3.691,0.43,0.507,0.521,0.522,0.512,-3.1,-3.6,0.549,0.59,7.8,0.514,0.514,8.4,0.447,0.514,8.1,0.439,0.514,8.2,0.432,0.514,8.4,0.441,0.514,0,-1.0,67.625
20050321_1223,-24.88,-63.54,572.3,TW.TWGB.,22.818,121.08,175.299,1826.386,1897.371,1922.512,20.0,1.33,-0.047,-0.033,-0.019,-0.015,-0.03,-0.1,-2.6,0.672,0.425,-2.0,0.737,0.737,-0.7,0.468,0.737,-0.5,0.461,0.737,-0.5,0.46,0.737,-0.6,0.467,0.737,0,-1.0,-117.619
20050321_1223,-24.88,-63.54,572.3,IU.DAV.00,7.07,125.579,160.169,1751.12,1801.808,1818.832,21.0,0.347,0.007,0.024,0.025,0.024,0.025,-8.0,-4.3,0.159,0.911,-7.5,0.348,0.348,-8.2,0.353,0.348,-8.3,0.335,0.348,-8.5,0.31,0.348,-8.5,0.308,0.348,0,-1.0,-152.906
20050321_1223,-24.88,-63.54,572.3,XF.H0810.01,29.467,85.232,151.928,1707.092,1747.948,1761.27,22.0,7.309,0.379,0.511,0.493,0.506,0.515,-0.6,-0.5,0.899,0.931,5.2,0.577,0.577,6.2,0.449,0.577,6.0,0.526,0.577,6.1,0.506,0.577,6.3,0.464,0.577,0,-1.0,73.591
20050321_1223,-24.88,-63.54,572.3,KN.KBK.,42.656,74.948,141.69,1649.333,1679.312,1688.737,23.0,5.493,0.629,0.619,0.588,0.595,0.608,-0.8,-0.8,0.914,0.954,-1.3,0.769,0.769,-1.3,0.863,0.769,-1.8,0.872,0.769,-1.7,0.882,0.769,-1.5,0.874,0.769,1,1.0,51.818
20050321_1223,-24.88,-63.54,572.3,N.AMMF.,28.157,129.3,168.06,1791.267,1852.203,1873.231,24.0,5.468,0.592,0.511,0.561,0.552,0.531,0.2,0.3,0.987,0.986,0.2,0.856,0.856,6.9,0.441,0.856,6.6,0.583,0.856,6.8,0.577,0.856,6.9,0.519,0.856,0,-1.0,-70.834
20050321_1223,-24.88,-63.54,572.3,XF.H1190.01,30.649,85.138,151.786,1706.311,1747.006,1760.267,25.0,0.351,0.003,0.012,0.012,0.012,0.012,-0.1,-4.2,0.932,0.966,-13.2,0.265,0.265,-13.0,0.33,0.265,10.8,0.283,0.265,10.8,0.27,0.265,-13.0,0.308,0.265,0,-1.0,71.074
20050321_1223,-24.88,-63.54,572.3,N.INNF.,33.47,131.306,164.476,1773.272,1829.468,1848.61,26.0,4.989,0.096,0.371,0.409,0.409,0.401,1.4,2.1,0.901,0.871,2.8,0.67,0.67,1.2,0.766,0.67,1.0,0.821,0.67,1.0,0.83,0.67,1.0,0.818,0.67,0,-1.0,-52.446
20050321_1223,-24.88,-63.54,572.3,XF.H1580.01,33.533,84.291,150.754,1700.637,1740.171,1753.003,27.0,3.645,0.654,0.616,0.581,0.598,0.611,0.2,4.4,0.765,-0.628,-0.2,0.802,0.802,0.0,0.811,0.802,-0.4,0.766,0.802,-0.3,0.786,0.802,-0.1,0.804,0.802,0,-1.0,65.234
20050321_1223,-24.88,-63.54,572.3,XF.H1400.01,32.119,84.694,151.275,1703.508,1743.627,1756.675,28.0,4.698,0.391,0.467,0.444,0.455,0.451,-1.3,-1.1,0.574,0.648,5.0,0.582,0.582,5.4,0.392,0.582,4.9,0.309,0.582,5.0,0.317,0.582,5.2,0.365,0.582,0,-1.0,68.052
20050321_1223,-24.88,-63.54,572.3,IC.ENH.00,30.276,109.495,171.804,1809.629,1875.684,1898.799,29.0,5.647,0.482,0.285,0.255,0.261,0.262,-1.5,-1.2,0.83,0.872,-0.1,0.86,0.86,-0.5,0.563,0.86,-1.0,0.47,0.86,-1.0,0.462,0.86,-0.8,0.502,0.86,0,-1.0,45.859
20050321_1223,-24.88,-63.54,572.3,II.TLY.00,51.681,103.644,151.47,1704.578,1744.916,1758.045,30.0,7.321,0.646,0.602,0.592,0.584,0.595,-0.8,-0.6,0.966,0.979,-0.6,0.482,0.482,-0.6,0.496,0.482,-1.0,0.443,0.482,-1.4,0.432,0.482,-1.1,0.454,0.482,0,-1.0,16.624
20050321_1223,-24.88,-63.54,572.3,KZ.CHKZ.,53.676,70.615,135.504,1612.782,1636.968,1644.416,31.0,4.159,0.642,0.719,0.711,0.715,0.711,-0.5,-0.5,0.886,0.877,-0.5,0.826,0.826,-0.4,0.833,0.826,-0.9,0.864,0.826,-0.8,0.853,0.826,-0.7,0.841,0.826,1,0.0,37.326
20050321_1223,-24.88,-63.54,572.3,7I.GA07.,-31.518,136.513,120.433,1518.526,1531.295,1535.086,32.0,3.558,0.453,0.445,0.434,0.459,0.47,-1.2,-1.7,0.668,0.562,-1.9,0.713,0.713,-1.0,0.836,0.713,-1.1,0.826,0.713,-1.0,0.779,0.713,-1.0,0.789,0.713,0,-1.0,-160.247
20050321_1223,-24.88,-63.54,572.3,IC.BJT.00,40.019,116.172,164.859,1775.214,1831.909,1851.246,33.0,2.414,0.464,0.492,0.482,0.465,0.473,-1.2,3.5,0.909,-0.329,-0.7,0.773,0.773,-0.8,0.838,0.773,-1.0,0.838,0.773,-1.2,0.843,0.773,-1.2,0.839,0.773,0,-1.0,0.826
20050321_1223,-24.88,-63.54,572.3,N.NRWF.,34.768,133.533,162.233,1761.806,1815.108,1833.13,34.0,4.973,0.426,0.307,0.314,0.314,0.313,0.3,0.2,0.945,0.948,-0.3,0.739,0.739,1.5,0.814,0.739,1.4,0.758,0.739,1.4,0.748,0.739,1.4,0.758,0.739,0,-1.0,-51.775
20050321_1223,-24.88,-63.54,572.3,XF.H0800.01,29.412,85.231,151.929,1707.096,1747.954,1761.276,35.0,4.746,0.39,0.515,0.495,0.505,0.512,-0.7,-0.5,0.892,0.918,5.2,0.684,0.684,6.0,0.504,0.684,5.7,0.575,0.684,5.8,0.557,0.684,5.9,0.526,0.684,0,-1.0,73.709
20050321_1223,-24.88,-63.54,572.3,IC.MDJ.10,44.618,129.593,157.572,1737.476,1784.963,1800.775,36.0,2.312,0.294,0.315,0.333,0.342,0.341,-5.6,-1.9,0.45,-0.743,2.5,0.468,0.468,1.8,0.686,0.468,1.7,0.709,0.468,1.5,0.714,0.468,1.5,0.714,0.468,0,-1.0,-24.824
20050321_1223,-24.88,-63.54,572.3,TW.TPUB.,23.301,120.63,175.879,1829.132,1900.951,1926.437,37.0,3.894,0.298,0.216,0.206,0.212,0.212,0.2,1.2,0.787,0.677,1.0,0.902,0.902,2.0,0.669,0.902,2.0,0.645,0.902,2.1,0.646,0.902,2.1,0.664,0.902,0,-1.0,-114.347
20050321_1223,-24.88,-63.54,572.3,XF.H1120.01,30.138,85.415,152.057,1707.793,1748.796,1762.171,38.0,8.34,0.417,0.485,0.491,0.492,0.488,-1.0,-0.2,0.91,0.809,5.5,0.443,0.443,7.0,0.37,0.443,6.6,0.561,0.443,6.7,0.519,0.443,7.0,0.419,0.443,0,-1.0,72.133
20050321_1223,-24.88,-63.54,572.3,XF.H1150.01,30.358,85.313,151.956,1707.243,1748.131,1761.464,39.0,3.248,0.27,0.394,0.424,0.417,0.402,-1.3,0.4,0.632,0.494,4.5,0.449,0.449,-10.0,0.428,0.449,-2.9,0.296,0.449,-10.4,0.332,0.449,-10.1,0.404,0.449,0,-1.0,71.672
20050321_1223,-24.88,-63.54,572.3,XF.H1230.01,30.932,85.099,151.732,1706.014,1746.648,1759.887,40.0,3.998,0.335,0.508,0.502,0.499,0.51,-1.3,-1.3,0.884,0.89,4.7,0.521,0.521,-1.7,0.578,0.521,-2.4,0.75,0.521,-2.2,0.729,0.521,-1.8,0.637,0.521,0,-1.0,70.477
20050321_1223,-24.88,-63.54,572.3,N.KGMF.,26.757,128.215,169.257,1797.186,1859.743,1881.426,41.0,5.454,0.432,0.356,0.284,0.325,0.354,-0.1,-0.3,0.716,0.762,-0.3,0.447,0.447,5.1,0.711,0.447,5.0,0.448,0.447,5.0,0.527,0.447,5.1,0.666,0.447,0,-1.0,-77.112
20050321_1223,-24.88,-63.54,572.3,AU.CTA.,-20.088,146.25,126.507,1557.391,1574.298,1579.365,42.0,3.409,0.516,0.553,0.552,0.542,0.537,0.6,1.1,0.829,0.816,0.3,0.724,0.724,0.6,0.734,0.724,0.5,0.733,0.724,0.4,0.731,0.724,0.5,0.734,0.724,0,-1.0,-144.656
20050321_1223,-24.88,-63.54,572.3,N.TMRF.,41.102,141.383,153.705,1716.764,1759.663,1773.746,43.0,4.967,0.528,0.353,0.354,0.354,0.353,1.0,0.8,0.919,0.926,1.1,0.719,0.719,1.0,0.788,0.719,0.6,0.728,0.719,0.4,0.723,0.719,0.5,0.738,0.719,0,-1.0,-45.581
20050321_1223,-24.88,-63.54,572.3,IC.SSE.00,31.095,121.189,172.515,1813.069,1880.116,1903.637,44.0,9.097,0.351,0.44,0.461,0.473,0.473,-0.5,-0.3,0.868,0.854,1.6,0.862,0.862,0.6,0.912,0.862,0.3,0.903,0.862,0.3,0.9,0.862,0.2,0.895,0.862,0,-1.0,-31.385
20050321_1223,-24.88,-63.54,572.3,MY.KUM.,5.29,100.649,155.222,1724.945,1769.619,1784.372,45.0,1.181,0.141,0.186,0.179,0.179,0.183,3.5,3.9,0.466,0.436,3.8,0.902,0.902,4.1,0.891,0.902,4.1,0.902,0.902,4.1,0.915,0.902,4.1,0.901,0.902,0,-1.0,140.165
20050321_1223,-24.88,-63.54,572.3,IU.MAJO.00,36.546,138.204,158.046,1739.986,1788.051,1804.08,46.0,6.462,0.306,0.399,0.404,0.394,0.395,7.2,2.9,0.672,-0.256,7.6,0.58,0.58,6.9,0.644,0.58,6.6,0.654,0.58,6.6,0.647,0.58,6.7,0.643,0.58,0,-1.0,-52.469
20050321_1223,-24.88,-63.54,572.3,N.WJMF.,37.402,137.026,158.479,1742.269,1790.863,1807.093,47.0,5.004,0.403,0.401,0.407,0.402,0.405,-1.0,-0.8,0.599,0.643,-1.4,0.579,0.579,-1.6,0.629,0.579,-1.9,0.631,0.579,-1.9,0.634,0.579,-1.8,0.644,0.579,0,-1.0,-49.207
20050321_1223,-24.88,-63.54,572.3,G.HYB.,17.417,78.553,143.988,1662.594,1694.88,1705.109,48.0,8.96,0.467,0.46,0.458,0.46,0.46,-1.6,-2.3,0.547,0.363,-1.8,0.443,0.443,-1.7,0.386,0.443,1.6,0.459,0.443,1.6,0.423,0.443,-1.9,0.37,0.443,0,-1.0,94.623
20050321_1223,-24.88,-63.54,572.3,IC.LSA.00,29.703,91.128,157.027,1734.584,1781.411,1796.974,49.0,6.666,0.576,0.594,0.592,0.595,0.594,0.7,-4.7,0.725,-0.594,1.0,0.864,0.864,1.5,0.858,0.864,1.5,0.837,0.864,1.5,0.839,0.864,1.5,0.852,0.864,0,-1.0,72.151
20050321_1223,-24.88,-63.54,572.3,II.WRAB.00,-19.934,134.36,131.922,1591.044,1612.176,1618.597,50.0,3.48,0.518,0.521,0.522,0.519,0.52,0.6,1.5,0.772,0.682,0.2,0.708,0.708,0.3,0.733,0.708,0.3,0.732,0.708,0.2,0.73,0.708,0.1,0.732,0.708,0,-1.0,-157.275
20050321_1223,-24.88,-63.54,572.3,XF.H1040.01,29.561,85.74,152.366,1709.486,1750.841,1764.348,51.0,8.152,0.423,0.476,0.411,0.425,0.46,-1.5,-1.5,0.74,0.716,4.4,0.478,0.478,4.7,0.462,0.478,4.1,0.669,0.478,4.2,0.635,0.478,4.6,0.514,0.478,0,-1.0,73.349
20050321_1223,-24.88,-63.54,572.3,XF.H1160.01,30.434,85.289,151.93,1707.101,1747.96,1761.282,52.0,4.945,0.337,0.461,0.496,0.487,0.471,-0.3,-4.5,0.8,-0.784,4.7,0.455,0.455,-8.6,0.551,0.455,-1.6,0.504,0.455,-9.1,0.436,0.455,-8.8,0.521,0.455,0,-1.0,71.513
20050321_1223,-24.88,-63.54,572.3,XF.H1020.01,29.413,85.737,152.369,1709.503,1750.862,1764.37,53.0,5.222,0.429,0.515,0.443,0.472,0.507,-1.0,-1.0,0.911,0.898,-9.5,0.49,0.49,-9.4,0.479,0.49,4.7,0.52,0.49,4.8,0.463,0.49,-9.5,0.466,0.49,0,-1.0,73.671
20050321_1223,-24.88,-63.54,572.3,N.NAAF.,35.224,137.362,159.224,1746.185,1795.697,1812.275,54.0,5.126,0.499,0.599,0.576,0.575,0.582,-0.2,-4.2,0.818,-0.461,-0.2,0.847,0.847,-1.0,0.671,0.847,-1.3,0.722,0.847,-1.3,0.72,0.847,-1.1,0.709,0.847,0,-1.0,-54.945
20050321_1223,-24.88,-63.54,572.3,N.FUKF.,32.718,128.757,166.692,1784.446,1843.555,1863.849,55.0,5.96,0.411,0.359,0.393,0.394,0.398,1.0,1.6,0.812,0.713,2.6,0.852,0.852,8.7,0.454,0.852,8.9,0.484,0.852,8.9,0.482,0.852,9.0,0.473,0.852,0,-1.0,-50.4
20050321_1223,-24.88,-63.54,572.3,N.ADMF.,37.905,138.43,157.263,1735.84,1782.953,1798.623,56.0,3.293,0.54,0.556,0.545,0.539,0.542,6.4,3.0,0.545,-0.798,6.7,0.385,0.385,6.7,0.639,0.385,6.4,0.582,0.385,6.3,0.576,0.385,6.4,0.588,0.385,0,-1.0,-49.514
20050321_1223,-24.88,-63.54,572.3,7I.TL14.,-29.82,141.925,120.092,1516.307,1528.863,1532.589,57.0,3.617,0.505,0.466,0.462,0.46,0.459,-1.4,-0.4,0.631,0.583,-0.6,0.666,0.666,-0.1,0.693,0.666,-0.1,0.685,0.666,-0.1,0.638,0.666,-0.1,0.645,0.666,0,-1.0,-154.54
20050321_1223,-24.88,-63.54,572.3,XG.YFANG.02,40.754,115.319,164.097,1771.344,1827.048,1845.998,58.0,3.726,0.205,0.231,0.225,0.22,0.223,6.1,4.8,0.382,0.426,7.7,0.242,0.242,6.9,0.218,0.242,6.0,0.207,0.242,5.2,0.211,0.242,5.6,0.207,0.242,0,-1.0,3.09
20050321_1223,-24.88,-63.54,572.3,N.TGWF.,33.973,132.932,163.049,1765.995,1820.344,1838.77,59.0,3.698,0.319,0.301,0.311,0.291,0.299,0.7,1.4,0.805,0.717,1.5,0.802,0.802,1.2,0.894,0.802,0.8,0.925,0.802,0.8,0.929,0.802,0.8,0.927,0.802,0,-1.0,-53.291
20050321_1223,-24.88,-63.54,572.3,XF.H1050.01,29.639,85.725,152.35,1709.395,1750.732,1764.232,60.0,9.435,0.389,0.464,0.383,0.412,0.455,-1.7,-1.3,0.831,0.798,4.7,0.474,0.474,5.0,0.48,0.474,4.2,0.77,0.474,4.5,0.702,0.474,5.0,0.536,0.474,0,-1.0,73.181
20050321_1223,-24.88,-63.54,572.3,TW.TWKB.,21.941,120.812,175.042,1825.166,1895.784,1920.774,61.0,1.874,0.22,0.212,0.204,0.204,0.203,-0.5,-1.2,0.726,0.686,-1.5,0.797,0.797,0.0,0.895,0.797,-0.1,0.912,0.797,-0.1,0.911,0.797,0.0,0.898,0.797,0,-1.0,-128.281
20050321_1223,-24.88,-63.54,572.3,XF.H1280.01,31.302,85.13,151.727,1705.987,1746.615,1759.851,62.0,4.059,0.42,0.56,0.539,0.549,0.563,-1.1,-1.2,0.795,0.78,-10.1,0.359,0.359,-9.9,0.389,0.359,-2.2,0.44,0.359,-2.1,0.407,0.359,8.2,0.373,0.359,0,-1.0,69.687
20050321_1223,-24.88,-63.54,572.3,N.IMGF.,42.393,140.141,153.797,1717.261,1760.266,1774.389,63.0,2.05,0.264,0.256,0.281,0.276,0.277,0.3,1.3,0.753,0.596,0.9,0.383,0.383,1.1,0.558,0.383,0.7,0.507,0.383,0.5,0.485,0.383,0.5,0.493,0.383,0,-1.0,-41.984
20050321_1223,-24.88,-63.54,572.3,XF.H1560.01,33.307,84.246,150.75,1700.615,1740.145,1752.975,64.0,5.012,0.606,0.582,0.554,0.567,0.579,0.5,0.8,0.532,0.494,0.1,0.768,0.768,0.5,0.668,0.768,0.1,0.62,0.768,0.2,0.637,0.768,0.4,0.659,0.768,0,-1.0,65.706
20050321_1223,-24.88,-63.54,572.3,N.WTRF.,34.374,136.575,160.158,1751.065,1801.738,1818.758,65.0,4.962,0.689,0.635,0.684,0.676,0.67,1.3,1.4,0.913,0.899,0.6,0.887,0.887,1.2,0.714,0.887,0.4,0.679,0.887,0.4,0.678,0.887,0.6,0.681,0.887,0,-1.0,-56.422
20050321_1223,-24.88,-63.54,572.3,XF.H1360.01,31.862,84.954,151.522,1704.863,1745.259,1758.41,66.0,4.675,0.423,0.573,0.573,0.589,0.581,-0.1,-0.2,0.841,0.846,6.5,0.454,0.454,9.2,0.336,0.454,-1.1,0.371,0.454,-0.8,0.364,0.454,-0.4,0.329,0.454,0,-1.0,68.537
20050321_1223,-24.88,-63.54,572.3,N.NOPF.,44.322,142.938,151.033,1702.175,1742.022,1754.969,67.0,2.865,0.501,0.408,0.465,0.466,0.465,1.1,1.2,0.907,0.877,0.7,0.827,0.827,1.2,0.757,0.827,0.6,0.749,0.827,0.5,0.761,0.827,0.5,0.764,0.827,0,-1.0,-41.026
20050321_1223,-24.88,-63.54,572.3,IC.KMI.10,25.148,102.747,167.576,1788.862,1849.149,1869.916,68.0,5.889,0.243,0.078,0.118,0.112,0.078,-2.2,-2.1,0.819,0.779,-2.1,0.865,0.865,-1.9,0.616,0.865,-0.9,0.546,0.865,-1.0,0.573,0.865,-1.7,0.613,0.865,0,-1.0,85.932
20050321_1223,-24.88,-63.54,572.3,PS.PSI.,2.694,98.924,152.11,1708.085,1749.148,1762.546,69.0,1.036,0.004,0.048,0.061,0.08,0.064,2.1,2.3,0.78,0.777,7.4,0.686,0.686,7.7,0.628,0.686,7.6,0.679,0.686,7.5,0.735,0.686,7.6,0.676,0.686,0,-1.0,140.39
20050321_1223,-24.88,-63.54,572.3,IU.YSS.00,46.959,142.76,149.607,1694.29,1732.551,1744.916,70.0,3.649,0.488,0.514,0.54,0.561,0.552,2.1,2.4,0.933,0.942,1.7,0.91,0.91,2.2,0.909,0.91,1.9,0.925,0.91,1.7,0.933,0.91,1.7,0.931,0.91,0,-1.0,-36.559
20050321_1223,-24.88,-63.54,572.3,IU.GUMO.00,13.589,144.868,150.981,1701.89,1741.678,1754.604,71.0,2.603,0.414,0.342,0.388,0.392,0.346,1.9,2.6,0.875,0.87,1.2,0.739,0.739,1.5,0.537,0.739,7.5,0.566,0.739,7.5,0.538,0.739,1.4,0.526,0.739,0,-1.0,-107.942
20050321_1223,-24.88,-63.54,572.3,XF.H1422.01,32.064,83.899,150.611,1699.851,1739.226,1751.999,72.0,4.34,0.527,0.599,0.58,0.59,0.596,-2.8,-3.4,0.687,0.643,5.1,0.339,0.339,-3.8,0.476,0.339,-4.3,0.557,0.339,-4.1,0.534,0.339,-3.9,0.497,0.339,0,-1.0,68.322
20050321_1223,-24.88,-63.54,572.3,N.KYKF.,30.378,130.41,166.487,1783.42,1842.257,1862.442,73.0,5.027,0.479,0.598,0.593,0.592,0.599,0.9,1.1,0.86,0.829,2.2,0.843,0.843,0.5,0.694,0.843,0.3,0.702,0.843,0.3,0.706,0.843,0.4,0.705,0.843,0,-1.0,-62.342
20050321_1223,-24.88,-63.54,572.3,7I.TL12.,-27.634,135.597,124.343,1543.686,1559.042,1563.626,74.0,3.62,0.384,0.51,0.509,0.505,0.506,0.6,0.7,0.918,0.933,0.2,0.944,0.944,0.1,0.932,0.944,0.1,0.93,0.944,0.0,0.907,0.944,-0.1,0.908,0.944,0,-1.0,-159.486
20050321_1223,-24.88,-63.54,572.3,XF.H1460.01,32.598,84.224,150.824,1701.026,1740.639,1753.5,75.0,2.726,0.399,0.443,0.446,0.446,0.444,0.0,0.0,0.594,0.577,6.6,0.584,0.584,0.0,0.507,0.584,6.9,0.506,0.584,7.0,0.497,0.584,7.2,0.502,0.584,0,-1.0,67.162
20050321_1223,-24.88,-63.54,572.3,N.YNGF.,24.455,123.007,174.036,1820.375,1889.561,1913.961,76.0,4.004,0.397,0.502,0.505,0.512,0.5,-0.2,-0.1,0.5,0.506,0.4,0.36,0.36,-0.4,0.697,0.36,-0.7,0.696,0.36,-0.7,0.713,0.36,-0.4,0.701,0.36,0,-1.0,-93.175
20050321_1223,-24.88,-63.54,572.3,KN.ULHL.,42.246,76.242,142.717,1655.282,1686.28,1696.059,77.0,4.546,0.627,0.659,0.609,0.621,0.641,-1.1,-0.8,0.967,0.956,-0.9,0.877,0.877,-1.1,0.833,0.877,-1.8,0.825,0.877,-1.7,0.824,0.877,-1.4,0.83,0.877,1,1.0,52.069
20050321_1223,-24.88,-63.54,572.3,TW.KMNB.,24.464,118.388,178.199,1840.0,1915.193,1942.079,78.0,10.681,0.313,0.195,0.225,0.223,0.198,-0.3,-0.2,0.967,0.954,0.6,0.696,0.696,1.1,0.811,0.696,0.8,0.816,0.696,0.8,0.82,0.696,1.2,0.807,0.696,0,-1.0,-107.647
20050321_1223,-24.88,-63.54,572.3,N.KNPF.,43.763,143.708,150.865,1701.252,1740.911,1753.789,79.0,3.85,0.449,0.409,0.461,0.451,0.453,0.8,1.3,0.852,0.749,0.5,0.712,0.712,1.4,0.781,0.712,0.9,0.727,0.712,0.8,0.731,0.712,0.7,0.734,0.712,0,-1.0,-42.614
20050321_1223,-24.88,-63.54,572.3,II.WRAB.10,-19.934,134.36,131.922,1591.044,1612.176,1618.597,80.0,3.837,0.523,0.539,0.54,0.538,0.539,0.6,1.6,0.789,0.698,0.2,0.684,0.684,0.3,0.713,0.684,0.4,0.712,0.684,0.2,0.711,0.684,0.2,0.714,0.684,0,-1.0,-157.275
20050321_1223,-24.88,-63.54,572.3,XF.H1470.01,32.667,84.216,150.809,1700.944,1740.54,1753.395,81.0,2.044,0.392,0.435,0.411,0.423,0.432,-0.8,3.4,0.785,-0.86,5.9,0.734,0.734,-1.1,0.682,0.734,6.2,0.635,0.734,-1.5,0.657,0.734,-1.2,0.675,0.734,0,-1.0,67.023
20050321_1223,-24.88,-63.54,572.3,IU.MA2.00,59.576,150.77,137.924,1627.218,1653.601,1661.792,82.0,1.037,0.401,0.286,0.291,0.294,0.29,-0.6,0.7,0.565,0.414,-0.3,0.775,0.775,-0.1,0.795,0.775,-0.4,0.803,0.775,-0.4,0.805,0.775,-0.5,0.805,0.775,0,-1.0,-25.184
20050321_1223,-24.88,-63.54,572.3,IU.ULN.00,47.865,107.053,155.842,1728.268,1773.676,1788.705,83.0,5.234,0.715,0.681,0.678,0.677,0.678,-0.2,-0.2,0.972,0.96,0.3,0.924,0.924,0.1,0.977,0.924,-0.1,0.964,0.924,-0.2,0.948,0.924,-0.2,0.958,0.924,1,-1.0,15.39
20050321_1223,-24.88,-63.54,572.3,MY.KSM.,1.473,110.308,155.851,1728.316,1773.735,1788.768,84.0,0.738,0.099,0.072,0.076,0.092,0.081,-4.4,-4.5,0.831,0.691,-4.7,0.695,0.695,-4.6,0.594,0.695,-4.7,0.584,0.695,-5.3,0.57,0.695,-5.0,0.562,0.695,0,-1.0,165.07
20050321_1223,-24.88,-63.54,572.3,IU.YAK.00,62.031,129.68,141.792,1649.924,1680.003,1689.463,85.0,0.733,0.132,0.156,0.14,0.132,0.129,-1.1,-2.0,0.744,0.55,-2.7,0.737,0.737,-2.7,0.712,0.737,-3.0,0.717,0.737,-3.2,0.712,0.737,-3.2,0.715,0.737,0,-1.0,-9.96
20050321_1223,-24.88,-63.54,572.3,TW.PHUB.,23.511,119.58,176.842,1833.665,1906.876,1932.939,86.0,7.8,0.16,0.269,0.277,0.271,0.266,-0.3,0.1,0.957,0.934,3.0,0.535,0.535,-9.2,0.585,0.535,-9.1,0.575,0.535,-9.1,0.582,0.535,-9.1,0.594,0.535,0,-1.0,-118.928
20050321_1223,-24.88,-63.54,572.3,XF.H1590.01,33.628,84.171,150.64,1700.01,1739.417,1752.202,87.0,6.703,0.595,0.551,0.516,0.528,0.544,-5.4,4.5,0.591,-0.727,-0.1,0.504,0.504,7.9,0.445,0.504,7.6,0.433,0.504,7.6,0.428,0.504,7.8,0.438,0.504,0,-1.0,65.073
20050321_1223,-24.88,-63.54,572.3,N.KMUF.,42.239,142.962,152.113,1708.103,1749.17,1762.57,88.0,3.474,0.543,0.436,0.47,0.47,0.465,1.6,1.7,0.931,0.917,1.2,0.704,0.704,1.7,0.809,0.704,1.4,0.782,0.704,1.2,0.773,0.704,1.3,0.777,0.704,0,-1.0,-44.755
20050321_1223,-24.88,-63.54,572.3,XF.H1240.01,31.02,85.134,151.755,1706.14,1746.8,1760.048,89.0,3.453,0.326,0.478,0.485,0.484,0.481,-1.3,-1.9,0.724,0.65,-10.0,0.389,0.389,-1.8,0.573,0.389,-2.6,0.701,0.389,-2.3,0.679,0.389,-1.9,0.614,0.389,0,-1.0,70.285
20050321_1223,-24.88,-63.54,572.3,IC.SSE.10,31.095,121.189,172.515,1813.069,1880.116,1903.637,90.0,10.083,0.359,0.446,0.464,0.475,0.476,-0.5,-0.4,0.875,0.864,1.6,0.857,0.857,0.5,0.918,0.857,0.3,0.909,0.857,0.2,0.905,0.857,0.1,0.901,0.857,0,-1.0,-31.385
20050321_1223,-24.88,-63.54,572.3,TW.LYUB.,22.037,121.558,174.528,1822.723,1892.608,1917.296,91.0,0.954,0.162,0.042,0.049,0.047,0.039,-3.6,-4.1,0.575,0.424,-3.8,0.384,0.384,-3.0,0.564,0.384,-3.0,0.598,0.384,-3.0,0.6,0.384,-2.9,0.579,0.384,0,-1.0,-122.667
20050321_1223,-24.88,-63.54,572.3,N.SRNF.,36.202,136.63,159.333,1746.752,1796.397,1813.026,92.0,5.922,0.468,0.678,0.717,0.707,0.702,1.1,0.7,0.928,0.863,0.7,0.963,0.963,0.0,0.809,0.963,-0.2,0.888,0.963,-0.3,0.891,0.963,-0.2,0.883,0.963,1,2.0,-51.698
20050321_1223,-24.88,-63.54,572.3,N.ISIF.,34.061,134.455,161.883,1760.006,1812.861,1830.711,93.0,5.446,0.541,0.459,0.494,0.494,0.488,0.7,0.6,0.823,0.858,0.3,0.707,0.707,3.8,0.639,0.707,4.2,0.635,0.707,4.3,0.638,0.707,4.2,0.636,0.707,0,-1.0,-54.991
20050321_1223,-24.88,-63.54,572.3,XF.H1500.01,32.895,84.286,150.839,1701.109,1740.739,1753.606,94.0,2.992,0.546,0.548,0.533,0.539,0.545,-4.8,-4.7,0.629,0.663,7.0,0.494,0.494,-5.8,0.445,0.494,-6.1,0.505,0.494,-6.1,0.499,0.494,-5.9,0.466,0.494,0,-1.0,66.539
20050321_1223,-24.88,-63.54,572.3,IC.QIZ.01,19.029,109.844,171.525,1808.274,1873.943,1896.9,95.0,2.306,0.265,0.221,0.205,0.198,0.208,0.6,-3.7,0.371,-0.827,-8.6,0.729,0.729,-0.3,0.744,0.729,-0.5,0.798,0.729,-0.5,0.808,0.729,-0.5,0.754,0.729,0,-1.0,134.023
20050321_1223,-24.88,-63.54,572.3,7I.TL01.,-18.001,141.635,130.603,1582.93,1602.991,1609.06,96.0,4.044,0.48,0.626,0.628,0.642,0.636,2.0,2.1,0.821,0.822,1.4,0.773,0.773,1.5,0.834,0.773,1.4,0.834,0.773,1.1,0.839,0.773,1.2,0.834,0.773,1,-1.0,-147.958
20050321_1223,-24.88,-63.54,572.3,IU.WAKE.20,19.283,166.652,133.405,1600.096,1622.465,1629.299,97.0,4.32,0.631,0.575,0.592,0.59,0.572,1.0,0.6,0.771,0.785,0.6,0.81,0.81,0.4,0.795,0.81,-0.1,0.791,0.81,0.1,0.798,0.81,0.4,0.795,0.81,0,-1.0,-86.581
20050321_1223,-24.88,-63.54,572.3,XF.H1510.01,32.949,84.305,150.848,1701.154,1740.793,1753.663,98.0,3.513,0.598,0.591,0.554,0.565,0.582,-4.1,-4.2,0.774,0.751,2.3,0.349,0.349,-5.1,0.457,0.349,-5.5,0.538,0.349,-5.4,0.518,0.349,-5.2,0.481,0.349,0,-1.0,66.424
20050321_1223,-24.88,-63.54,572.3,XF.H1520.01,33.027,84.315,150.846,1701.143,1740.779,1753.649,99.0,3.647,0.579,0.618,0.583,0.601,0.613,0.1,-5.3,0.668,0.395,-0.1,0.774,0.774,0.1,0.637,0.774,-0.3,0.549,0.774,-0.1,0.576,0.774,0.0,0.618,0.774,0,-1.0,66.261
20050321_1223,-24.88,-63.54,572.3,IC.LSA.10,29.703,91.128,157.027,1734.584,1781.411,1796.974,100.0,6.8,0.592,0.609,0.611,0.613,0.61,0.8,-4.7,0.715,-0.606,0.9,0.874,0.874,1.4,0.869,0.874,1.5,0.847,0.874,1.4,0.85,0.874,1.5,0.864,0.874,0,-1.0,72.151
20050321_1223,-24.88,-63.54,572.3,N.TGAF.,35.185,136.338,160.0,1750.241,1800.717,1817.661,101.0,7.136,0.672,0.727,0.736,0.734,0.735,0.2,0.2,0.889,0.877,-0.5,0.807,0.807,0.3,0.752,0.807,-0.6,0.674,0.807,-0.5,0.677,0.807,-0.4,0.688,0.807,0,-1.0,-54.003
20050321_1223,-24.88,-63.54,572.3,N.TYMF.,34.974,139.845,157.437,1736.763,1784.087,1799.837,102.0,1.781,0.309,0.485,0.502,0.495,0.493,-0.1,0.2,0.861,0.905,0.2,0.735,0.735,-0.1,0.931,0.735,-0.5,0.906,0.735,-0.4,0.904,0.735,-0.3,0.91,0.735,0,-1.0,-57.722
20050321_1223,-24.88,-63.54,572.3,XG.XJYAO.02,40.268,115.213,164.577,1773.783,1830.109,1849.303,103.0,2.277,0.014,0.087,0.077,0.07,0.071,-2.4,-5.3,0.686,-0.36,-1.6,0.479,0.479,-1.8,0.497,0.479,-2.0,0.482,0.479,-2.3,0.454,0.479,-2.1,0.468,0.479,0,-1.0,3.502
20050321_1223,-24.88,-63.54,572.3,TW.SSLB.,23.788,120.954,175.762,1828.58,1900.231,1925.647,104.0,1.836,0.187,0.301,0.298,0.295,0.287,2.3,2.3,0.467,0.467,1.0,0.635,0.635,2.9,0.652,0.635,2.7,0.633,0.635,2.7,0.637,0.635,2.8,0.648,0.635,0,-1.0,-105.897
20050321_1223,-24.88,-63.54,572.3,N.NMRF.,43.367,145.738,149.786,1695.283,1733.741,1746.178,105.0,5.417,0.461,0.545,0.59,0.601,0.597,1.8,1.7,0.94,0.95,1.1,0.864,0.864,1.5,0.716,0.864,1.0,0.706,0.864,0.9,0.713,0.864,0.9,0.717,0.864,0,-1.0,-44.807
20050321_1223,-24.88,-63.54,572.3,GE.PMG.00,-9.405,147.16,134.493,1606.688,1629.989,1637.137,106.0,1.933,0.203,0.181,0.187,0.202,0.186,1.5,2.4,0.754,0.693,2.6,0.757,0.757,2.6,0.799,0.757,2.5,0.803,0.757,2.3,0.808,0.757,2.5,0.8,0.757,0,-1.0,-135.308
20050321_1223,-24.88,-63.54,572.3,TW.HGSD.,23.492,121.424,175.264,1826.223,1897.159,1922.28,107.0,1.238,0.279,0.216,0.209,0.209,0.206,-1.6,0.9,0.621,0.441,-0.1,0.81,0.81,1.5,0.581,0.81,1.5,0.579,0.81,1.5,0.576,0.81,1.5,0.579,0.81,0,-1.0,-107.888
20050321_1223,-24.88,-63.54,572.3,IU.PMG.10,-9.405,147.16,134.493,1606.688,1629.989,1637.137,108.0,1.856,0.212,0.188,0.194,0.209,0.193,1.6,2.4,0.765,0.727,2.5,0.775,0.775,2.5,0.81,0.775,2.5,0.814,0.775,2.2,0.819,0.775,2.4,0.811,0.775,0,-1.0,-135.308
20050321_1223,-24.88,-63.54,572.3,XF.H0790.01,29.38,85.227,151.927,1707.082,1747.936,1761.257,109.0,5.138,0.419,0.536,0.517,0.528,0.535,-0.7,-0.9,0.852,0.851,4.8,0.572,0.572,-9.3,0.458,0.572,-2.1,0.489,0.572,-1.8,0.444,0.572,-9.3,0.447,0.572,0,-1.0,73.778
20050321_1223,-24.88,-63.54,572.3,N.KNMF.,35.717,137.178,159.153,1745.811,1795.235,1811.78,110.0,4.575,0.485,0.569,0.559,0.553,0.558,-0.2,-3.7,0.749,-0.525,-0.3,0.684,0.684,-0.8,0.716,0.684,-1.2,0.761,0.684,-1.2,0.761,0.684,-1.2,0.749,0.684,0,-1.0,-53.5
20050321_1223,-24.88,-63.54,572.3,IC.ENH.10,30.276,109.495,171.804,1809.629,1875.684,1898.799,111.0,5.785,0.472,0.276,0.246,0.252,0.253,-1.5,-1.2,0.841,0.876,-0.1,0.878,0.878,-0.5,0.595,0.878,-0.9,0.492,0.878,-1.0,0.481,0.878,-0.8,0.529,0.878,0,-1.0,45.859
20050321_1223,-24.88,-63.54,572.3,IC.HIA.00,49.27,119.741,155.476,1726.304,1771.277,1786.142,112.0,3.37,0.535,0.512,0.501,0.492,0.495,-0.6,0.0,0.93,0.856,0.0,0.814,0.814,-0.4,0.613,0.814,-0.8,0.582,0.814,-1.1,0.555,0.814,-1.0,0.567,0.814,0,-1.0,-5.11
20050321_1223,-24.88,-63.54,572.3,N.TKDF.,32.818,131.387,164.729,1774.553,1831.078,1850.349,113.0,2.613,0.174,0.351,0.377,0.375,0.367,1.4,1.4,0.941,0.929,2.2,0.61,0.61,1.2,0.866,0.61,1.0,0.9,0.61,1.0,0.903,0.61,1.1,0.893,0.61,0,-1.0,-54.732
20050321_1223,-24.88,-63.54,572.3,XF.H1300.01,31.445,85.16,151.739,1706.054,1746.696,1759.937,114.0,2.894,0.426,0.649,0.611,0.634,0.649,-1.6,-1.2,0.908,0.898,4.9,0.671,0.671,5.7,0.526,0.671,-2.4,0.553,0.671,-2.2,0.554,0.671,5.6,0.516,0.671,0,-1.0,69.378
20050321_1223,-24.88,-63.54,572.3,N.SHRF.,44.056,144.994,149.919,1696.023,1734.629,1747.12,115.0,5.175,0.633,0.554,0.611,0.617,0.614,1.3,1.6,0.919,0.91,0.6,0.931,0.931,1.3,0.82,0.931,0.7,0.815,0.931,0.5,0.833,0.931,0.6,0.836,0.931,0,-1.0,-43.081
20050321_1223,-24.88,-63.54,572.3,IU.BILL.00,68.065,166.453,127.454,1563.343,1580.957,1586.244,116.0,1.622,0.379,0.415,0.431,0.434,0.43,0.3,0.3,0.936,0.941,0.0,0.921,0.921,0.2,0.913,0.921,-0.1,0.917,0.921,0.0,0.916,0.921,0.0,0.917,0.921,0,-1.0,-21.148
20050321_1223,-24.88,-63.54,572.3,N.GJMF.,39.956,140.111,155.118,1724.382,1768.932,1783.638,117.0,2.724,0.431,0.37,0.374,0.371,0.371,0.6,0.4,0.61,0.586,0.6,0.48,0.48,1.1,0.637,0.48,0.9,0.608,0.48,0.9,0.6,0.48,0.8,0.597,0.48,0,-1.0,-46.718
20050321_1223,-24.88,-63.54,572.3,XF.H1340.01,31.732,85.14,151.694,1705.804,1746.395,1759.618,118.0,3.214,0.298,0.472,0.484,0.482,0.483,-0.8,-0.8,0.897,0.879,5.7,0.357,0.357,8.7,0.342,0.357,-2.0,0.423,0.357,-1.8,0.403,0.357,8.6,0.344,0.357,0,-1.0,68.774
20050321_1223,-24.88,-63.54,572.3,XF.H1370.01,31.945,84.893,151.462,1704.532,1744.861,1757.986,119.0,4.907,0.479,0.608,0.608,0.607,0.613,-0.3,-0.9,0.799,0.814,8.1,0.455,0.455,8.9,0.477,0.455,8.5,0.481,0.455,8.6,0.469,0.455,8.8,0.473,0.455,0,-1.0,68.375
20050321_1223,-24.88,-63.54,572.3,XF.H1310.01,31.515,85.183,151.751,1706.122,1746.778,1760.025,120.0,2.771,0.342,0.579,0.558,0.584,0.585,-1.3,-0.5,0.869,0.777,5.8,0.472,0.472,6.7,0.413,0.472,6.3,0.433,0.472,6.4,0.421,0.472,6.7,0.416,0.472,0,-1.0,69.225
20050321_1223,-24.88,-63.54,572.3,IC.WMQ.00,43.814,87.704,149.902,1695.925,1734.512,1746.996,121.0,4.18,0.576,0.578,0.543,0.545,0.567,0.4,0.3,0.935,0.909,-0.9,0.58,0.58,-0.7,0.703,0.58,-1.2,0.746,0.58,-1.2,0.764,0.58,-0.9,0.727,0.58,0,-1.0,43.66
20050321_1223,-24.88,-63.54,572.3,N.YMZF.,36.927,140.245,156.403,1731.265,1777.342,1792.623,122.0,2.203,0.244,0.306,0.28,0.281,0.288,7.6,-2.9,0.427,-0.739,-7.6,0.53,0.53,-8.1,0.373,0.53,-8.4,0.407,0.53,-8.4,0.414,0.53,-8.4,0.408,0.53,0,-1.0,-53.409
20050321_1223,-24.88,-63.54,572.3,AU.FORT.,-30.779,128.059,123.244,1536.659,1551.26,1555.61,123.0,5.82,0.432,0.654,0.656,0.661,0.661,1.1,1.1,0.853,0.942,1.2,0.771,0.771,0.6,0.806,0.771,0.6,0.806,0.771,0.6,0.8,0.771,0.6,0.801,0.771,1,-1.0,-168.126
20050321_1223,-24.88,-63.54,572.3,XF.H1330.01,31.656,85.17,151.727,1705.987,1746.615,1759.852,124.0,5.07,0.36,0.57,0.582,0.575,0.576,-0.1,-0.9,0.707,0.637,7.9,0.332,0.332,8.7,0.495,0.332,8.2,0.569,0.332,8.3,0.546,0.332,8.6,0.514,0.332,0,-1.0,68.929
20050321_1223,-24.88,-63.54,572.3,N.OSWF.,27.098,142.196,156.801,1733.382,1779.936,1795.397,125.0,3.228,0.455,0.457,0.464,0.459,0.458,-1.0,-4.6,0.449,-0.817,-0.3,0.639,0.639,-1.3,0.748,0.639,-1.6,0.723,0.639,-1.5,0.731,0.639,-1.3,0.746,0.639,0,-1.0,-78.932
20050321_1223,-24.88,-63.54,572.3,N.IGKF.,24.412,124.179,172.97,1815.26,1882.943,1906.725,126.0,6.83,0.497,0.443,0.465,0.461,0.451,0.2,-3.5,0.655,-0.75,2.1,0.735,0.735,1.2,0.683,0.735,1.1,0.678,0.735,1.1,0.681,0.735,1.2,0.684,0.735,0,-1.0,-92.582
20050321_1223,-24.88,-63.54,572.3,XF.H1080.01,29.85,85.783,152.39,1709.617,1751.0,1764.517,127.0,7.641,0.408,0.492,0.439,0.466,0.49,-1.4,-0.4,0.694,0.615,5.0,0.539,0.539,5.2,0.547,0.539,4.4,0.595,0.539,4.7,0.584,0.539,5.2,0.558,0.539,0,-1.0,72.716
20050321_1223,-24.88,-63.54,572.3,KZ.PDG.,43.328,79.485,144.676,1666.53,1699.526,1710.002,128.0,3.919,0.568,0.581,0.543,0.554,0.566,-1.5,2.5,0.747,-0.374,-2.0,0.609,0.609,-1.6,0.671,0.609,-2.1,0.712,0.609,-2.0,0.696,0.609,-1.9,0.692,0.609,0,-1.0,49.114
20050321_1223,-24.88,-63.54,572.3,KN.USP.,43.267,74.5,141.222,1646.61,1676.129,1685.395,129.0,2.788,0.602,0.529,0.482,0.489,0.51,-0.3,-0.2,0.806,0.762,-0.7,0.918,0.918,-0.3,0.933,0.918,-0.9,0.923,0.918,-0.8,0.921,0.918,-0.5,0.927,0.918,0,-1.0,50.999
20050321_1223,-24.88,-63.54,572.3,IU.CTAO.00,-20.088,146.255,126.504,1557.373,1574.278,1579.344,130.0,3.399,0.51,0.55,0.549,0.537,0.541,0.6,1.1,0.813,0.806,0.3,0.688,0.688,0.6,0.704,0.688,0.5,0.704,0.688,0.4,0.701,0.688,0.4,0.701,0.688,0,-1.0,-144.651
20050321_1223,-24.88,-63.54,572.3,N.ASIF.,36.634,139.421,157.125,1735.106,1782.052,1797.659,131.0,3.237,0.488,0.423,0.416,0.413,0.415,0.0,-0.4,0.382,0.479,-0.5,0.72,0.72,-0.3,0.588,0.72,-0.7,0.595,0.72,-0.8,0.607,0.72,-0.7,0.607,0.72,0,-1.0,-53.382
20050321_1223,-24.88,-63.54,572.3,N.ONSF.,36.156,138.982,157.643,1737.854,1785.427,1801.271,132.0,4.558,0.475,0.609,0.583,0.59,0.59,-2.0,-1.9,0.517,0.486,-9.8,0.38,0.38,-2.0,0.513,0.38,-2.4,0.469,0.38,-2.3,0.476,0.38,-2.3,0.481,0.38,0,-1.0,-54.13
20050321_1223,-24.88,-63.54,572.3,PS.MCSJ.,24.29,153.978,145.988,1673.984,1708.351,1719.311,133.0,0.346,0.023,0.051,0.051,0.052,0.051,1.7,1.1,0.844,0.625,-0.9,0.288,0.288,6.0,0.135,0.288,-2.7,0.207,0.288,-1.7,0.154,0.288,6.0,0.134,0.288,0,-1.0,-83.044
20050321_1223,-24.88,-63.54,572.3,AK.ATKA.,52.202,-174.197,121.91,1528.085,1541.8,1545.878,134.0,0.947,0.259,0.253,0.262,0.263,0.263,0.7,-0.6,0.564,0.561,0.4,0.575,0.575,-0.1,0.609,0.575,-0.1,0.599,0.575,-0.1,0.613,0.575,-0.1,0.617,0.575,0,-1.0,-42.578
20050321_1223,-24.88,-63.54,572.3,N.KSKF.,38.258,140.583,155.596,1726.947,1772.062,1786.981,135.0,2.025,0.29,0.354,0.367,0.358,0.362,8.5,-4.2,0.393,-0.494,-0.3,0.669,0.669,-0.4,0.703,0.669,-0.7,0.689,0.669,-0.7,0.693,0.669,-0.7,0.697,0.669,0,-1.0,-50.728
20050321_1223,-24.88,-63.54,572.3,G.INU.,35.35,137.029,159.419,1747.207,1796.96,1813.63,136.0,3.697,0.51,0.576,0.543,0.542,0.552,-0.2,-0.2,0.917,0.911,-0.5,0.787,0.787,-0.9,0.715,0.787,-1.3,0.731,0.787,-1.3,0.732,0.787,-1.2,0.732,0.787,0,-1.0,-54.289
20050321_1223,-24.88,-63.54,572.3,IU.HNR.10,-9.439,159.947,125.471,1550.846,1566.999,1571.831,137.0,1.117,0.099,0.127,0.115,0.118,0.127,4.3,4.5,0.752,0.805,4.0,0.869,0.869,4.2,0.876,0.869,4.1,0.868,0.869,4.0,0.867,0.869,4.2,0.874,0.869,0,-1.0,-123.708
20050321_1223,-24.88,-63.54,572.3,AT.SMY.,52.731,174.103,128.963,1572.767,1591.537,1597.19,138.0,1.461,0.297,0.38,0.424,0.398,0.4,1.7,1.6,0.816,0.852,1.5,0.755,0.755,1.8,0.772,0.755,1.2,0.751,0.755,1.5,0.765,0.755,1.5,0.768,0.755,0,-1.0,-41.182
20050321_1223,-24.88,-63.54,572.3,XF.H0641.01,28.856,85.294,151.996,1707.462,1748.396,1761.746,139.0,7.73,0.451,0.526,0.517,0.528,0.532,-1.0,-1.0,0.918,0.91,4.7,0.534,0.534,-9.2,0.451,0.534,5.8,0.475,0.534,5.8,0.423,0.534,-9.3,0.448,0.534,0,-1.0,74.901
20050321_1223,-24.88,-63.54,572.3,IU.TATO.10,24.973,121.497,175.431,1827.015,1898.19,1923.411,140.0,2.424,0.109,0.378,0.304,0.333,0.368,-2.5,-2.5,0.87,0.861,-2.5,0.643,0.643,-1.3,0.81,0.643,-1.6,0.777,0.643,-1.5,0.785,0.643,-1.3,0.798,0.643,0,-1.0,-87.753
20050321_1223,-24.88,-63.54,572.3,TW.ANPB.,25.183,121.529,175.397,1826.853,1897.979,1923.179,141.0,3.945,0.087,0.275,0.258,0.254,0.272,5.4,5.0,0.836,0.686,4.9,0.658,0.658,6.3,0.798,0.658,6.0,0.793,0.658,6.2,0.796,0.658,6.3,0.796,0.658,0,-1.0,-84.84
20050321_1223,-24.88,-63.54,572.3,N.HROF.,37.225,140.878,155.821,1728.153,1773.535,1788.554,142.0,3.355,0.339,0.306,0.319,0.315,0.316,1.3,-4.0,0.632,-0.919,-8.8,0.599,0.599,1.0,0.469,0.599,-9.6,0.472,0.599,-9.6,0.481,0.599,-9.6,0.473,0.599,0,-1.0,-53.253
20050321_1223,-24.88,-63.54,572.3,XG.MJPU.02,40.667,115.684,164.2,1771.868,1827.705,1846.707,143.0,1.783,0.277,0.3,0.277,0.259,0.265,-1.1,-1.1,0.931,0.955,-0.4,0.715,0.715,-0.5,0.666,0.715,-0.9,0.615,0.715,-1.4,0.567,0.715,-1.2,0.582,0.715,0,-1.0,2.117
20050321_1223,-24.88,-63.54,572.3,MY.KKM.,6.044,116.215,161.163,1756.284,1808.223,1825.724,144.0,2.318,0.421,0.424,0.424,0.421,0.421,1.4,-2.7,0.744,-0.56,-0.2,0.771,0.771,0.2,0.734,0.771,0.2,0.733,0.771,0.0,0.726,0.771,0.0,0.725,0.771,0,-1.0,179.263
20050321_1223,-24.88,-63.54,572.3,IU.PET.00,53.023,158.65,137.766,1626.281,1652.517,1660.659,145.0,2.222,0.518,0.403,0.425,0.419,0.418,3.0,0.8,0.401,0.29,1.3,0.557,0.557,1.7,0.478,0.557,1.2,0.515,0.557,1.3,0.491,0.557,1.3,0.491,0.557,0,-1.0,-36.92
20050321_1223,-24.88,-63.54,572.3,II.KWAJ.10,8.802,167.613,128.807,1571.798,1590.447,1596.062,146.0,3.354,0.344,0.312,0.339,0.319,0.309,-0.8,-4.6,0.538,-0.861,2.7,0.506,0.506,2.6,0.524,0.506,1.8,0.53,0.506,2.3,0.527,0.506,2.7,0.525,0.506,0,-1.0,-99.188
20050321_1223,-24.88,-63.54,572.3,XG.LJIA.02,40.618,123.169,163.295,1767.254,1821.92,1840.469,147.0,0.355,0.006,-0.023,-0.022,-0.023,-0.023,-8.7,-3.5,0.277,0.682,3.1,0.293,0.293,4.7,0.331,0.293,4.6,0.343,0.293,4.7,0.33,0.293,4.6,0.337,0.293,0,-1.0,-17.644
20050321_1223,-24.88,-63.54,572.3,N.YTYF.,34.284,131.036,164.246,1772.101,1827.997,1847.023,148.0,5.339,0.201,0.442,0.478,0.474,0.473,1.1,2.3,0.843,0.643,2.2,0.833,0.833,1.5,0.713,0.833,1.2,0.731,0.833,1.3,0.742,0.833,1.2,0.739,0.833,0,-1.0,-49.424
20050321_1223,-24.88,-63.54,572.3,XF.H1440.01,32.454,84.24,150.855,1701.195,1740.841,1753.715,149.0,5.885,0.461,0.538,0.518,0.528,0.535,-1.5,-0.6,0.734,0.696,6.0,0.579,0.579,6.5,0.47,0.579,6.2,0.445,0.579,6.3,0.441,0.579,6.5,0.459,0.579,0,-1.0,67.455
20050321_1223,-24.88,-63.54,572.3,AK.GAMB.,63.776,-171.704,120.158,1516.732,1529.33,1533.068,150.0,0.898,0.293,0.302,0.307,0.304,0.302,1.3,-3.0,0.746,-0.571,2.3,0.511,0.511,2.4,0.543,0.511,2.2,0.499,0.511,2.6,0.521,0.511,2.6,0.526,0.511,0,-1.0,-29.111
20050321_1223,-24.88,-63.54,572.3,KZ.MKAR.,46.794,82.29,145.138,1669.163,1702.638,1713.283,151.0,7.419,0.554,0.458,0.475,0.471,0.464,0.3,4.1,0.903,-0.806,-0.4,0.669,0.669,-0.1,0.74,0.669,-0.5,0.792,0.669,-0.6,0.783,0.669,-0.3,0.757,0.669,0,-1.0,42.192
20050321_1223,-24.88,-63.54,572.3,N.KSRF.,42.982,144.485,150.772,1700.738,1740.292,1753.131,152.0,4.597,0.656,0.576,0.611,0.618,0.615,1.1,1.0,0.951,0.938,0.4,0.803,0.803,1.4,0.722,0.803,1.0,0.693,0.803,0.8,0.701,0.803,0.9,0.707,0.803,0,-1.0,-44.587
20050321_1223,-24.88,-63.54,572.3,N.TSAF.,33.178,132.82,163.493,1768.267,1823.189,1841.836,153.0,3.739,0.353,0.387,0.433,0.422,0.417,2.4,2.8,0.807,0.747,3.3,0.858,0.858,2.7,0.843,0.858,2.3,0.879,0.858,2.3,0.882,0.858,2.3,0.877,0.858,0,-1.0,-55.605
20050321_1223,-24.88,-63.54,572.3,IU.INCN.10,37.478,126.624,164.715,1774.485,1830.993,1850.257,154.0,3.58,0.128,0.083,0.092,0.092,0.095,0.6,3.7,0.416,-0.044,3.6,0.756,0.756,3.9,0.689,0.756,3.5,0.683,0.756,3.4,0.688,0.756,3.4,0.687,0.756,0,-1.0,-31.526
20050321_1223,-24.88,-63.54,572.3,IU.INCN.00,37.478,126.624,164.715,1774.485,1830.993,1850.257,155.0,3.244,0.088,0.046,0.053,0.052,0.055,-0.7,3.7,0.422,-0.136,3.6,0.765,0.765,3.9,0.694,0.765,3.5,0.689,0.765,3.3,0.694,0.765,3.4,0.693,0.765,0,-1.0,-31.526
20050321_1223,-24.88,-63.54,572.3,KN.AML.,42.131,73.694,140.909,1644.784,1673.998,1683.158,156.0,3.114,0.42,0.536,0.546,0.553,0.543,-2.6,-2.0,0.658,0.606,-3.1,0.542,0.542,-2.3,0.581,0.542,-2.9,0.626,0.542,-2.7,0.596,0.542,-2.5,0.587,0.542,0,-1.0,52.985
20050321_1223,-24.88,-63.54,572.3,KN.EKS2.,42.661,73.777,140.852,1644.453,1673.612,1682.753,157.0,3.136,0.546,0.604,0.581,0.594,0.594,-1.3,4.4,0.754,-0.827,-2.2,0.712,0.712,-1.6,0.769,0.712,-2.3,0.763,0.712,-2.1,0.782,0.712,-1.9,0.772,0.712,0,-1.0,52.142
20050321_1223,-24.88,-63.54,572.3,GE.PMG.10,-9.405,147.16,134.493,1606.688,1629.989,1637.137,158.0,1.856,0.212,0.188,0.194,0.209,0.193,1.6,2.4,0.765,0.727,2.5,0.775,0.775,2.5,0.81,0.775,2.5,0.814,0.775,2.2,0.819,0.775,2.4,0.811,0.775,0,-1.0,-135.308
20050321_1223,-24.88,-63.54,572.3,II.ARU.00,56.43,58.562,128.107,1567.429,1585.541,1590.984,159.0,2.019,0.371,0.354,0.361,0.361,0.352,1.2,-3.1,0.555,-0.657,-7.7,0.621,0.621,-7.5,0.614,0.621,0.1,0.612,0.621,0.3,0.607,0.621,-7.5,0.606,0.621,0,-1.0,36.574
20050321_1223,-24.88,-63.54,572.3,XF.H1250.01,31.084,84.998,151.633,1705.473,1745.996,1759.193,160.0,4.99,0.522,0.613,0.622,0.625,0.622,0.0,0.2,0.961,0.963,6.5,0.574,0.574,0.0,0.473,0.574,-0.8,0.568,0.574,-0.7,0.565,0.574,-0.2,0.51,0.574,0,-1.0,70.171
20050321_1223,-24.88,-63.54,572.3,KN.AAK.,42.633,74.494,141.372,1647.483,1677.149,1686.465,161.0,5.514,0.675,0.656,0.618,0.628,0.644,-0.5,-0.1,0.93,0.901,-0.7,0.91,0.91,-0.6,0.901,0.91,-1.3,0.909,0.91,-1.1,0.911,0.91,-0.9,0.905,0.91,1,1.0,51.986
20050321_1223,-24.88,-63.54,572.3,XF.H1220.01,30.86,85.069,151.712,1705.903,1746.514,1759.744,162.0,0.348,0.001,0.008,0.008,0.008,0.008,-0.1,-1.2,0.982,1.0,-12.8,0.3,0.3,-12.8,0.331,0.3,10.9,0.234,0.3,-13.2,0.243,0.3,-12.9,0.305,0.3,0,-1.0,70.635
20050321_1223,-24.88,-63.54,572.3,IU.TIXI.00,71.634,128.867,132.723,1595.942,1617.737,1624.379,163.0,1.687,0.386,0.328,0.337,0.336,0.338,1.3,1.6,0.817,0.813,0.8,0.824,0.824,1.0,0.808,0.824,0.7,0.825,0.824,0.7,0.822,0.824,0.7,0.821,0.824,0,-1.0,-5.286
20050321_1223,-24.88,-63.54,572.3,XF.H1550.01,33.264,84.246,150.755,1700.645,1740.181,1753.013,164.0,4.499,0.652,0.622,0.576,0.596,0.614,-6.2,4.2,0.536,-0.448,-0.1,0.831,0.831,0.4,0.628,0.831,0.0,0.55,0.831,0.0,0.575,0.831,0.3,0.611,0.831,0,-1.0,65.794
20050321_1223,-24.88,-63.54,572.3,II.NIL.10,33.651,73.269,141.601,1648.817,1678.708,1688.103,165.0,3.499,0.47,0.465,0.47,0.475,0.47,-0.1,-0.7,0.689,0.681,-0.9,0.551,0.551,-0.8,0.665,0.551,-1.6,0.7,0.551,-1.2,0.696,0.551,-0.8,0.679,0.551,0,-1.0,66.573
20050321_1223,-24.88,-63.54,572.3,N.TMCF.,32.606,130.915,165.179,1776.833,1833.946,1853.448,166.0,3.234,0.166,0.199,0.217,0.218,0.217,2.0,2.3,0.856,0.927,2.3,0.545,0.545,2.0,0.945,0.545,1.8,0.948,0.545,1.8,0.95,0.545,1.8,0.95,0.545,0,-1.0,-54.721
20050321_1223,-24.88,-63.54,572.3,IM.ATTU.,52.882,173.164,129.495,1576.071,1595.255,1601.041,167.0,1.86,0.213,0.202,0.23,0.213,0.213,2.2,2.1,0.848,0.678,1.3,0.794,0.794,1.7,0.795,0.794,1.1,0.766,0.794,1.4,0.774,0.794,1.5,0.775,0.794,0,-1.0,-40.857
20050321_1223,-24.88,-63.54,572.3,GE.UGM.,-7.912,110.523,146.701,1678.019,1713.141,1724.37,168.0,2.693,0.266,0.274,0.285,0.308,0.3,1.4,1.9,0.901,0.824,0.9,0.932,0.932,0.9,0.923,0.932,0.8,0.93,0.932,0.4,0.952,0.932,0.4,0.946,0.932,0,-1.0,169.363
20050321_1223,-24.88,-63.54,572.3,IC.KMI.00,25.148,102.747,167.576,1788.862,1849.149,1869.916,169.0,5.711,0.229,0.062,0.095,0.088,0.058,-2.2,-2.2,0.807,0.764,-2.2,0.871,0.871,-2.0,0.584,0.871,-1.0,0.53,0.871,-1.1,0.552,0.871,-1.8,0.583,0.871,0,-1.0,85.932
20050321_1223,-24.88,-63.54,572.3,TW.TDCB.,24.253,121.158,175.681,1828.198,1899.732,1925.101,170.0,2.869,0.029,0.19,0.193,0.193,0.181,0.2,0.3,0.769,0.763,-1.6,0.63,0.63,1.0,0.842,0.63,0.7,0.842,0.63,0.8,0.845,0.63,1.0,0.841,0.63,0,-1.0,-98.498
20050321_1223,-24.88,-63.54,572.3,XF.H1130.01,30.206,85.328,151.978,1707.365,1748.278,1761.62,171.0,5.259,0.416,0.496,0.488,0.491,0.497,-1.2,-1.0,0.981,0.969,4.7,0.561,0.561,6.1,0.36,0.561,6.0,0.444,0.561,6.1,0.42,0.561,6.2,0.378,0.561,0,-1.0,71.997
20050321_1223,-24.88,-63.54,572.3,N.IYGF.,40.122,141.583,154.053,1718.644,1761.947,1776.183,172.0,2.629,0.494,0.507,0.52,0.526,0.52,1.9,1.7,0.919,0.872,2.3,0.674,0.674,2.1,0.92,0.674,1.9,0.872,0.674,1.8,0.857,0.674,1.8,0.86,0.674,0,-1.0,-47.689
20050321_1223,-24.88,-63.54,572.3,N.KNYF.,34.874,138.063,158.836,1744.143,1793.175,1809.571,173.0,3.789,0.445,0.482,0.464,0.46,0.466,-1.0,-0.8,0.878,0.908,-1.0,0.805,0.805,-1.1,0.778,0.805,-1.5,0.772,0.805,-1.5,0.774,0.805,-1.5,0.776,0.805,0,-1.0,-56.5
20050321_1223,-24.88,-63.54,572.3,IC.QIZ.00,19.029,109.844,171.525,1808.274,1873.943,1896.9,174.0,2.304,0.266,0.221,0.206,0.198,0.208,0.6,-3.7,0.372,-0.826,-8.6,0.729,0.729,-0.3,0.745,0.729,-0.5,0.799,0.729,-0.5,0.809,0.729,-0.5,0.755,0.729,0,-1.0,134.023
20050321_1223,-24.88,-63.54,572.3,N.ZMMF.,26.233,127.304,170.127,1801.457,1865.202,1887.369,175.0,6.766,0.463,0.311,0.273,0.292,0.303,-0.2,0.0,0.789,0.785,8.5,0.603,0.603,1.6,0.849,0.603,1.4,0.662,0.603,1.5,0.74,0.603,1.6,0.833,0.603,0,-1.0,-79.559
20050321_1223,-24.88,-63.54,572.3,KZ.VOS.,52.723,70.98,136.057,1616.095,1640.773,1648.389,176.0,6.729,0.657,0.73,0.719,0.725,0.72,-1.0,-1.0,0.936,0.927,-1.2,0.885,0.885,-0.9,0.859,0.885,-1.4,0.884,0.885,-1.3,0.869,0.885,-1.2,0.866,0.885,1,0.0,38.48
20050321_1223,-24.88,-63.54,572.3,KN.UCH.,42.228,74.513,141.48,1648.11,1677.881,1687.235,177.0,2.87,0.433,0.515,0.503,0.513,0.515,-1.2,-0.6,0.787,0.769,-1.5,0.768,0.768,-1.6,0.785,0.768,-2.1,0.785,0.768,-2.0,0.799,0.768,-1.8,0.794,0.768,0,-1.0,52.614
20050321_1223,-24.88,-63.54,572.3,N.HSSF.,42.967,141.229,152.813,1711.919,1753.786,1767.483,178.0,2.628,0.35,0.37,0.347,0.348,0.347,1.1,-1.6,0.704,0.279,-1.2,0.482,0.482,-0.8,0.528,0.482,-1.2,0.509,0.482,-1.3,0.513,0.482,-1.3,0.52,0.482,0,-1.0,-41.942
20050321_1223,-24.88,-63.54,572.3,7I.GA05.,-31.669,137.014,120.137,1516.599,1529.184,1532.918,179.0,2.718,0.317,0.321,0.324,0.334,0.335,-1.0,-1.4,0.587,0.578,-0.7,0.637,0.637,-0.6,0.84,0.637,-0.6,0.84,0.637,-0.5,0.805,0.637,-0.4,0.81,0.637,0,-1.0,-159.851
20050321_1223,-24.88,-63.54,572.3,N.UMJF.,33.579,134.037,162.404,1762.683,1816.203,1834.31,180.0,4.845,0.336,0.205,0.278,0.268,0.251,1.8,1.7,0.839,0.846,1.3,0.838,0.838,2.4,0.858,0.838,2.1,0.797,0.838,2.0,0.794,0.838,2.2,0.812,0.838,0,-1.0,-55.914
20050321_1223,-24.88,-63.54,572.3,XF.H1600.01,33.75,84.27,150.702,1700.354,1739.831,1752.641,181.0,3.801,0.535,0.41,0.364,0.382,0.401,-4.8,-4.6,0.774,0.753,1.4,0.509,0.509,-5.4,0.557,0.509,-5.7,0.606,0.509,-5.7,0.599,0.509,-5.5,0.574,0.509,0,-1.0,64.798
20050321_1223,-24.88,-63.54,572.3,XF.H1060.01,29.707,85.708,152.333,1709.302,1750.619,1764.111,182.0,10.748,0.427,0.516,0.469,0.483,0.511,-1.8,-1.2,0.822,0.765,5.4,0.286,0.286,5.7,0.316,0.286,4.8,0.594,0.286,5.1,0.53,0.286,5.6,0.375,0.286,0,-1.0,73.034
20050321_1223,-24.88,-63.54,572.3,N.TYSF.,39.377,141.593,154.391,1720.472,1764.17,1778.555,183.0,4.248,0.501,0.41,0.466,0.462,0.452,1.5,1.7,0.936,0.943,1.3,0.838,0.838,1.6,0.855,0.838,1.1,0.845,0.838,1.0,0.85,0.838,1.1,0.857,0.838,0,-1.0,-49.213
20050321_1223,-24.88,-63.54,572.3,N.IZHF.,34.136,129.207,165.575,1778.833,1836.466,1856.173,184.0,7.275,0.343,0.328,0.358,0.361,0.357,1.7,1.8,0.747,0.82,2.3,0.646,0.646,-0.1,0.487,0.646,-0.1,0.555,0.646,-0.1,0.572,0.646,0.0,0.56,0.646,0,-1.0,-46.489
20050321_1223,-24.88,-63.54,572.3,AU.NWAO.,-32.927,117.233,122.189,1529.88,1543.777,1547.911,185.0,1.843,0.325,0.272,0.273,0.273,0.274,1.4,1.3,0.754,0.688,6.9,0.362,0.362,7.1,0.35,0.362,7.1,0.355,0.362,7.0,0.393,0.362,7.0,0.388,0.362,0,-1.0,-179.236
20050321_1223,-24.88,-63.54,572.3,XF.H1490.01,32.822,84.267,150.833,1701.072,1740.694,1753.558,186.0,3.398,0.56,0.602,0.6,0.6,0.603,-4.9,4.8,0.48,-0.874,7.7,0.492,0.492,8.2,0.586,0.492,7.8,0.614,0.492,7.9,0.603,0.492,8.1,0.592,0.492,0,-1.0,66.693
20050321_1223,-24.88,-63.54,572.3,N.JIZF.,34.917,138.994,158.11,1740.324,1788.466,1804.525,187.0,1.286,0.312,0.23,0.262,0.253,0.249,-4.1,-3.9,0.767,0.751,-4.4,0.635,0.635,-4.5,0.725,0.635,-4.8,0.719,0.635,-4.8,0.719,0.635,-4.6,0.721,0.635,0,-1.0,-57.189
20050321_1223,-24.88,-63.54,572.3,XF.H1090.01,29.922,85.733,152.344,1709.361,1750.691,1764.188,188.0,5.509,0.374,0.439,0.431,0.422,0.429,-2.2,-2.1,0.572,0.547,3.5,0.67,0.67,3.6,0.651,0.67,3.1,0.632,0.67,3.2,0.651,0.67,3.5,0.667,0.67,0,-1.0,72.565
20050321_1223,-24.88,-63.54,572.3,II.COCO.20,-12.19,96.835,138.278,1629.322,1656.034,1664.337,189.0,3.174,0.174,0.253,0.263,0.255,0.258,-3.0,-2.9,0.674,0.427,4.3,0.345,0.345,2.2,0.441,0.345,-4.7,0.308,0.345,-5.3,0.333,0.345,-4.8,0.323,0.345,0,-1.0,150.645
20050321_1223,-24.88,-63.54,572.3,IU.PMG.00,-9.405,147.16,134.493,1606.688,1629.989,1637.137,190.0,1.933,0.203,0.181,0.187,0.202,0.186,1.5,2.4,0.754,0.693,2.6,0.757,0.757,2.6,0.799,0.757,2.5,0.803,0.757,2.3,0.808,0.757,2.5,0.8,0.757,0,-1.0,-135.308
20050321_1223,-24.88,-63.54,572.3,N.TKOF.,31.893,131.232,165.253,1777.209,1834.419,1853.96,191.0,3.359,0.263,0.292,0.364,0.344,0.322,0.8,0.3,0.801,0.738,3.8,0.692,0.692,1.7,0.444,0.692,1.4,0.485,0.692,1.4,0.491,0.692,1.5,0.478,0.692,0,-1.0,-57.725
20050321_1223,-24.88,-63.54,572.3,KZ.KURK.,50.715,78.62,141.194,1646.444,1675.936,1685.192,192.0,4.264,0.466,0.512,0.491,0.494,0.503,9.1,3.9,0.416,-0.602,-0.6,0.513,0.513,-0.4,0.511,0.513,-0.9,0.487,0.513,-1.0,0.493,0.513,-0.7,0.492,0.513,0,-1.0,38.255
20050321_1223,-24.88,-63.54,572.3,AU.FITZ.,-18.102,125.639,136.098,1616.342,1641.057,1648.685,193.0,3.636,0.296,0.497,0.494,0.478,0.483,-0.8,-0.2,0.8,0.782,-2.1,0.815,0.815,-2.1,0.834,0.815,-2.2,0.837,0.815,-2.5,0.843,0.815,-2.5,0.842,0.815,0,-1.0,-167.457
20050321_1223,-24.88,-63.54,572.3,N.TTOF.,35.836,138.121,158.41,1741.902,1790.411,1806.609,194.0,2.052,0.483,0.484,0.473,0.465,0.469,-1.0,-0.9,0.754,0.711,-1.2,0.857,0.857,-1.8,0.808,0.857,-2.0,0.835,0.857,-2.1,0.832,0.857,-1.9,0.827,0.857,0,-1.0,-54.124
20050321_1223,-24.88,-63.54,572.3,N.STMF.,32.887,129.724,165.914,1780.539,1838.617,1858.501,195.0,5.146,0.323,0.392,0.396,0.394,0.39,1.2,1.1,0.667,0.661,-7.1,0.562,0.562,0.6,0.937,0.562,0.6,0.951,0.562,0.5,0.954,0.562,0.6,0.953,0.562,0,-1.0,-51.687
20050321_1223,-24.88,-63.54,572.3,KZ.AKTK.,50.435,58.017,128.81,1571.814,1590.465,1596.08,196.0,5.107,0.623,0.587,0.541,0.556,0.573,-0.8,-0.9,0.749,0.712,-1.1,0.822,0.822,-0.8,0.815,0.822,-1.3,0.815,0.822,-1.1,0.815,0.822,-1.0,0.815,0.822,0,-1.0,44.2
20050321_1223,-24.88,-63.54,572.3,TW.WFSB.,25.072,121.782,175.173,1825.788,1896.593,1921.659,197.0,1.975,0.05,0.167,0.142,0.149,0.16,5.4,4.9,0.671,0.6,4.7,0.739,0.739,6.2,0.775,0.739,5.9,0.703,0.739,6.1,0.732,0.739,6.3,0.769,0.739,0,-1.0,-86.467
20050321_1223,-24.88,-63.54,572.3,XF.H1540.01,33.194,84.228,150.75,1700.619,1740.149,1752.979,198.0,2.448,0.694,0.647,0.584,0.603,0.633,-0.5,-0.4,0.591,0.501,5.9,0.649,0.649,-0.7,0.54,0.649,-1.1,0.504,0.649,-1.0,0.523,0.649,-0.8,0.535,0.649,0,-1.0,65.941
20050321_1223,-24.88,-63.54,572.3,N.URHF.,42.93,143.671,151.315,1703.729,1743.893,1756.957,199.0,3.919,0.47,0.343,0.405,0.39,0.394,0.5,1.1,0.881,0.835,0.7,0.691,0.691,1.1,0.636,0.691,0.6,0.587,0.691,0.5,0.596,0.691,0.5,0.6,0.691,0,-1.0,-44.06
20050321_1223,-24.88,-63.54,572.3,N.FUJF.,35.231,138.418,158.43,1742.011,1790.545,1806.752,200.0,3.888,0.584,0.602,0.568,0.573,0.584,-0.8,-0.7,0.89,0.886,-0.6,0.96,0.96,-1.0,0.871,0.96,-1.4,0.888,0.96,-1.4,0.887,0.96,-1.3,0.884,0.96,0,-1.0,-55.907
20050321_1223,-24.88,-63.54,572.3,N.NOKF.,34.166,135.348,161.17,1756.32,1808.267,1825.771,201.0,12.584,0.5,0.448,0.497,0.487,0.481,0.0,0.3,0.97,0.977,-0.6,0.807,0.807,1.4,0.766,0.807,0.6,0.681,0.807,0.5,0.681,0.807,0.7,0.697,0.807,0,-1.0,-55.716
20050321_1223,-24.88,-63.54,572.3,N.KISF.,33.865,135.891,160.878,1754.81,1806.389,1823.753,202.0,5.164,0.518,0.443,0.476,0.471,0.461,0.1,2.8,0.822,0.259,-1.0,0.57,0.57,2.9,0.79,0.57,2.3,0.632,0.57,2.3,0.638,0.57,2.5,0.684,0.57,0,-1.0,-57.144
20050321_1223,-24.88,-63.54,572.3,N.KMTF.,33.678,135.49,161.258,1756.777,1808.836,1826.383,203.0,4.867,0.491,0.64,0.639,0.636,0.636,-0.8,-0.2,0.854,0.809,-1.2,0.708,0.708,0.4,0.871,0.708,-0.2,0.78,0.708,-0.2,0.782,0.708,0.0,0.813,0.708,1,2.0,-57.262
20050321_1223,-24.88,-63.54,572.3,XG.FFANG.02,40.529,123.075,163.404,1767.81,1822.617,1841.219,204.0,1.497,0.078,0.243,0.247,0.251,0.255,-5.2,3.1,0.433,0.383,9.9,0.497,0.497,3.1,0.459,0.497,3.0,0.449,0.497,3.0,0.452,0.497,3.0,0.451,0.497,0,-1.0,-17.525
20050321_1223,-24.88,-63.54,572.3,XF.H1270.01,31.225,85.072,151.684,1705.754,1746.335,1759.553,205.0,5.018,0.465,0.671,0.646,0.67,0.676,-1.3,-1.0,0.975,0.965,5.7,0.479,0.479,-1.3,0.685,0.479,-2.1,0.751,0.479,-1.8,0.751,0.479,-1.5,0.715,0.479,0,-1.0,69.86
20050321_1223,-24.88,-63.54,572.3,XF.H0780.01,29.341,85.237,151.937,1707.136,1748.002,1761.327,206.0,0.345,0.002,0.01,0.009,0.009,0.009,-0.1,-1.0,0.988,1.0,4.0,0.294,0.294,-12.6,0.324,0.294,10.5,0.233,0.294,-13.1,0.243,0.294,-12.6,0.313,0.294,0,-1.0,73.861
20050321_1223,-24.88,-63.54,572.3,TW.YULB.,23.392,121.297,175.342,1826.592,1897.64,1922.808,207.0,2.103,0.006,0.04,0.062,0.052,0.05,-2.5,-3.2,0.756,0.647,-3.5,0.703,0.703,-2.6,0.586,0.703,-2.6,0.624,0.703,-2.7,0.615,0.703,-2.5,0.587,0.703,0,-1.0,-109.674
20050321_1223,-24.88,-63.54,572.3,II.KWAJ.00,8.802,167.613,128.807,1571.798,1590.447,1596.062,208.0,3.272,0.339,0.309,0.339,0.317,0.307,-0.8,3.5,0.52,0.078,2.5,0.514,0.514,2.5,0.533,0.514,1.7,0.54,0.514,2.2,0.536,0.514,2.6,0.533,0.514,0,-1.0,-99.188
20050321_1223,-24.88,-63.54,572.3,XF.H1320.01,31.584,85.189,151.75,1706.115,1746.77,1760.017,209.0,4.219,0.372,0.609,0.608,0.625,0.619,-0.5,-0.6,0.898,0.881,6.4,0.41,0.41,8.4,0.403,0.41,-1.3,0.437,0.41,-1.0,0.422,0.41,8.4,0.405,0.41,0,-1.0,69.078
20050321_1223,-24.88,-63.54,572.3,XF.H1200.01,30.715,85.141,151.784,1706.301,1746.994,1760.255,210.0,4.562,0.391,0.534,0.512,0.523,0.536,-1.9,-1.6,0.838,0.799,4.5,0.676,0.676,-2.0,0.651,0.676,-2.6,0.791,0.676,-2.4,0.779,0.676,-2.1,0.703,0.676,0,-1.0,70.933
20050321_1223,-24.88,-63.54,572.3,TW.NACB.,24.174,121.595,175.276,1826.278,1897.23,1922.358,211.0,3.568,0.199,0.257,0.24,0.247,0.254,-0.1,-4.3,0.721,-0.552,-9.3,0.6,0.6,-7.9,0.576,0.6,-8.1,0.564,0.6,-7.9,0.565,0.6,-7.8,0.577,0.6,0,-1.0,-98.578
20050321_1223,-24.88,-63.54,572.3,XF.H1530.01,33.119,84.221,150.755,1700.644,1740.18,1753.012,212.0,3.45,0.621,0.555,0.528,0.538,0.549,0.8,0.8,0.63,0.589,-0.1,0.743,0.743,0.3,0.698,0.743,-0.1,0.655,0.743,-0.1,0.674,0.743,0.2,0.692,0.743,0,-1.0,66.096
20050321_1223,-24.88,-63.54,572.3,KN.KZA.,42.078,75.25,142.045,1651.394,1681.724,1691.27,213.0,4.542,0.587,0.655,0.64,0.646,0.652,-0.2,-0.4,0.88,0.838,-0.5,0.623,0.623,-0.7,0.721,0.623,-1.3,0.787,0.623,-1.2,0.775,0.623,-1.0,0.749,0.623,0,-1.0,52.64
20050321_1223,-24.88,-63.54,572.3,XF.H1421.01,32.009,83.871,150.593,1699.751,1739.105,1751.871,214.0,4.782,0.482,0.56,0.548,0.552,0.557,-1.8,-1.5,0.893,0.916,4.9,0.553,0.553,-2.8,0.646,0.553,-3.3,0.712,0.553,-3.1,0.7,0.553,-2.9,0.665,0.553,0,-1.0,68.44
20050321_1223,-24.88,-63.54,572.3,II.DGAR.10,-7.412,72.452,126.354,1556.428,1573.222,1578.253,215.0,2.345,0.186,0.117,0.087,0.081,0.114,-2.1,1.3,0.881,-0.516,-2.9,0.782,0.782,-3.1,0.796,0.782,-3.3,0.836,0.782,-3.2,0.839,0.782,-3.1,0.802,0.782,0,-1.0,121.374
20050321_1223,-24.88,-63.54,572.3,XF.H1405.01,32.181,84.513,151.116,1702.631,1742.571,1755.552,216.0,7.608,0.427,0.528,0.502,0.516,0.511,-1.5,-2.4,0.632,0.601,7.3,0.493,0.493,-2.3,0.541,0.493,-3.0,0.587,0.493,-2.8,0.576,0.493,-2.6,0.555,0.493,0,-1.0,67.961
20050321_1223,-24.88,-63.54,572.3,II.KURK.00,50.715,78.62,141.194,1646.444,1675.936,1685.192,217.0,4.265,0.466,0.512,0.491,0.494,0.503,9.1,3.9,0.416,-0.602,-0.6,0.514,0.514,-0.4,0.511,0.514,-0.9,0.487,0.514,-1.0,0.493,0.514,-0.7,0.492,0.514,0,-1.0,38.255
20050321_1223,-24.88,-63.54,572.3,7I.TL08.,-25.198,142.638,123.887,1540.772,1555.811,1560.297,218.0,0.42,0.046,0.023,0.025,0.031,0.03,7.4,-1.9,0.414,-0.956,-8.6,0.4,0.4,-9.0,0.483,0.4,-9.0,0.483,0.4,-8.9,0.481,0.4,-9.0,0.479,0.4,0,-1.0,-151.365
20050321_1223,-24.88,-63.54,572.3,IU.GUMO.10,13.589,144.868,150.981,1701.89,1741.678,1754.604,219.0,2.544,0.402,0.341,0.39,0.394,0.346,2.0,2.6,0.875,0.871,1.3,0.735,0.735,1.6,0.536,0.735,7.6,0.566,0.735,7.5,0.538,0.735,1.5,0.524,0.735,0,-1.0,-107.942
20050321_1223,-24.88,-63.54,572.3,XF.H1071.01,29.77,85.775,152.388,1709.602,1750.981,1764.497,220.0,4.847,0.403,0.478,0.422,0.436,0.464,-1.5,-1.9,0.79,0.752,3.5,0.64,0.64,3.7,0.584,0.64,3.5,0.596,0.64,3.6,0.604,0.64,3.7,0.594,0.64,0,-1.0,72.891
20050321_1223,-24.88,-63.54,572.3,KN.TKM2.,42.921,75.597,142.085,1651.622,1681.991,1691.551,221.0,3.879,0.541,0.526,0.498,0.509,0.514,-1.2,-0.8,0.928,0.913,-1.2,0.691,0.691,-1.6,0.751,0.691,-2.2,0.813,0.691,-2.1,0.811,0.691,-1.9,0.781,0.691,0,-1.0,51.203
20050321_1223,-24.88,-63.54,572.3,N.HIDF.,42.821,142.415,152.161,1708.364,1749.485,1762.905,222.0,2.995,0.48,0.322,0.338,0.34,0.34,0.0,0.5,0.837,0.791,-0.9,0.492,0.492,0.7,0.558,0.492,0.4,0.489,0.492,-0.4,0.474,0.492,0.2,0.482,0.492,0,-1.0,-43.24
20050321_1223,-24.88,-63.54,572.3,IC.WMQ.10,43.814,87.704,149.902,1695.925,1734.512,1746.996,223.0,4.132,0.589,0.592,0.561,0.562,0.583,0.5,0.4,0.923,0.9,-0.7,0.58,0.58,-0.6,0.684,0.58,-1.1,0.723,0.58,-1.1,0.742,0.58,-0.8,0.706,0.58,0,-1.0,43.66
20050321_1223,-24.88,-63.54,572.3,II.AAK.00,42.638,74.494,141.371,1647.476,1677.141,1686.457,224.0,5.493,0.645,0.63,0.593,0.603,0.619,-0.5,-0.1,0.926,0.895,-0.7,0.907,0.907,-0.6,0.901,0.907,-1.2,0.91,0.907,-1.1,0.911,0.907,-0.9,0.905,0.907,1,1.0,51.978
20050321_1223,-24.88,-63.54,572.3,N.SIBF.,31.97,130.349,165.896,1780.45,1838.505,1858.38,225.0,3.136,0.313,0.226,0.235,0.231,0.234,-7.1,-5.8,0.323,0.5,-6.9,0.478,0.478,-7.0,0.32,0.478,-7.1,0.333,0.478,-7.1,0.338,0.478,-7.1,0.338,0.478,0,-1.0,-56.081
20050321_1223,-24.88,-63.54,572.3,N.YSIF.,35.194,132.886,162.474,1763.046,1816.657,1834.798,226.0,4.01,0.35,0.173,0.2,0.205,0.201,0.7,1.5,0.804,0.82,1.3,0.456,0.456,1.9,0.857,0.456,1.7,0.897,0.456,1.7,0.903,0.456,1.8,0.895,0.456,0,-1.0,-49.653
20050321_1223,-24.88,-63.54,572.3,XF.H1110.01,30.066,85.553,152.18,1708.467,1749.61,1763.037,227.0,6.352,0.378,0.457,0.393,0.412,0.445,-1.6,-1.4,0.963,0.967,4.1,0.652,0.652,4.8,0.516,0.652,4.6,0.571,0.652,4.7,0.564,0.652,4.9,0.531,0.652,0,-1.0,72.272
20050321_1223,-24.88,-63.54,572.3,N.SAGF.,36.255,133.305,161.617,1758.63,1811.145,1828.866,228.0,3.439,0.436,0.339,0.395,0.401,0.39,1.1,1.1,0.8,0.793,0.6,0.785,0.785,2.1,0.835,0.785,1.7,0.81,0.785,1.5,0.808,0.785,1.6,0.814,0.785,0,-1.0,-47.373
20050321_1223,-24.88,-63.54,572.3,II.DGAR.00,-7.412,72.452,126.354,1556.428,1573.222,1578.253,229.0,2.275,0.186,0.104,0.074,0.067,0.101,-2.2,1.2,0.891,-0.533,-3.0,0.792,0.792,-3.1,0.798,0.792,-3.3,0.837,0.792,-3.3,0.84,0.792,-3.1,0.804,0.792,0,-1.0,121.374
20050321_1223,-24.88,-63.54,572.3,N.TASF.,31.195,130.909,165.786,1779.898,1837.809,1857.626,230.0,4.929,0.33,0.374,0.392,0.392,0.388,1.6,1.8,0.919,0.91,2.2,0.915,0.915,1.8,0.825,0.915,1.7,0.851,0.915,1.7,0.855,0.915,1.8,0.846,0.915,0,-1.0,-59.836
20050321_1223,-24.88,-63.54,572.3,PS.OGS.,27.057,142.203,156.794,1733.348,1779.895,1795.352,231.0,3.123,0.479,0.453,0.471,0.468,0.456,-0.6,-1.1,0.579,0.581,-0.4,0.539,0.539,-1.1,0.57,0.539,-1.6,0.58,0.539,-1.4,0.582,0.539,-1.1,0.577,0.539,0,-1.0,-79.038
20050321_1223,-24.88,-63.54,572.3,XF.H1610.01,33.858,84.263,150.68,1700.229,1739.68,1752.482,232.0,4.679,0.609,0.598,0.561,0.58,0.592,-0.2,4.0,0.802,-0.549,-0.6,0.754,0.754,-0.4,0.682,0.754,-0.9,0.623,0.754,-0.7,0.645,0.754,-0.5,0.669,0.754,0,-1.0,64.58
20050321_1223,-24.88,-63.54,572.3,N.HJOF.,33.105,139.802,158.051,1740.01,1788.08,1804.112,233.0,1.333,0.315,0.269,0.281,0.28,0.277,8.7,4.2,0.42,-0.776,-0.2,0.721,0.721,-0.1,0.583,0.721,-0.5,0.614,0.721,-0.4,0.618,0.721,-0.2,0.608,0.721,0,-1.0,-62.415
20050321_1223,-24.88,-63.54,572.3,XF.H1030.01,29.483,85.755,152.382,1709.573,1750.947,1764.461,234.0,4.887,0.482,0.551,0.505,0.523,0.545,-0.5,-0.7,0.796,0.788,4.7,0.673,0.673,4.9,0.632,0.673,4.5,0.639,0.673,4.6,0.652,0.673,4.8,0.644,0.673,0,-1.0,73.518
20050321_1223,-24.88,-63.54,572.3,XF.H1410.01,32.236,84.374,150.993,1701.953,1741.754,1754.684,235.0,4.196,0.411,0.524,0.555,0.545,0.531,-0.7,-1.9,0.66,0.554,7.6,0.526,0.526,-1.7,0.551,0.526,-2.2,0.598,0.526,-2.0,0.588,0.526,-1.8,0.566,0.526,0,-1.0,67.876
20050321_1223,-24.88,-63.54,572.3,IC.MDJ.00,44.618,129.593,157.572,1737.476,1784.963,1800.775,236.0,2.346,0.291,0.314,0.331,0.339,0.338,-5.7,-1.9,0.46,-0.763,-6.5,0.464,0.464,1.8,0.617,0.464,1.7,0.64,0.464,1.5,0.644,0.464,1.5,0.642,0.464,0,-1.0,-24.824
20050321_1223,-24.88,-63.54,572.3,XF.H1260.01,31.155,85.012,151.639,1705.507,1746.037,1759.236,237.0,7.198,0.487,0.64,0.622,0.645,0.647,-0.8,-0.7,0.976,0.978,6.1,0.525,0.525,-1.0,0.693,0.525,-1.7,0.774,0.525,-1.4,0.771,0.525,-1.1,0.728,0.525,0,-1.0,70.018
20050321_1223,-24.88,-63.54,572.3,XG.CHDE.02,41.016,117.917,163.818,1769.924,1825.265,1844.075,238.0,2.405,0.134,0.157,0.142,0.133,0.13,1.0,-4.1,0.854,-0.351,2.6,0.581,0.581,0.2,0.378,0.581,-0.4,0.456,0.581,-0.9,0.543,0.581,-0.8,0.506,0.581,0,-1.0,-3.867
20050321_1223,-24.88,-63.54,572.3,AU.WB2.,-19.943,134.351,131.917,1591.011,1612.138,1618.558,239.0,3.633,0.528,0.575,0.578,0.576,0.577,0.7,0.7,0.765,0.669,0.0,0.691,0.691,0.2,0.722,0.691,0.3,0.719,0.691,0.0,0.712,0.691,0.1,0.714,0.691,0,-1.0,-157.29
20050321_1223,-24.88,-63.54,572.3,AU.COEN.,-13.956,143.176,133.232,1599.043,1621.266,1628.051,240.0,2.847,0.413,0.506,0.513,0.535,0.53,1.9,2.3,0.849,0.786,1.8,0.855,0.855,1.7,0.873,0.855,1.6,0.876,0.855,1.4,0.885,0.855,1.4,0.884,0.855,0,-1.0,-143.406
20050321_1223,-24.88,-63.54,572.3,XF.H1620.01,33.966,84.223,150.63,1699.955,1739.351,1752.132,241.0,3.631,0.537,0.493,0.459,0.474,0.485,0.0,0.9,0.639,0.547,7.6,0.594,0.594,8.7,0.484,0.594,8.5,0.452,0.594,0.1,0.45,0.594,8.7,0.47,0.594,0,-1.0,64.373
20050321_1223,-24.88,-63.54,572.3,XF.H1570.01,33.422,84.263,150.747,1700.599,1740.125,1752.954,242.0,2.608,0.562,0.567,0.537,0.546,0.561,-0.1,-0.3,0.854,0.792,-0.4,0.587,0.587,-0.4,0.668,0.587,-0.8,0.664,0.587,-0.7,0.669,0.587,-0.5,0.669,0.587,0,-1.0,65.467
